NI07_grouped_pd	NI07_grouped_pr	NI07_naive
GPR87	3.38045058974145	0	0
KYNU	1.99943888568656	0	0
LY6K	2.05473358499692	0	0
UBD	3.88470501697869	0	0
FHL2	1.86993253393532	0	0
IGFBP3	2.89620048964064	0	0
DKK1	4.14473108706588	0	0
ARNTL2	2.19941485165083	0	0
CRABP2	2.40155140998008	0	0
FAM83A	1.84375443358909	0	0
GJB3	2.36110839310016	0	0
RGS10	2.5863379218097	0	0
IDO1	2.28065694264808	0	0
COMTD1	1.1147849043205	0	0
CBLC	1.51847931594189	0	0
UCK2	1.97118671324464	0	0
GJB2	2.65805018490504	0	0
PLAU	1.22369959092849	0	0
PROM2	1.01430788978299	0	0
GPC1	1.16098794438564	0	0
NCCRP1	3.74911436368691	0	0
ALOX5	4.72514521863299	0	0
TSKU	1.09517118960865	0	0
MDFI	1.11019412460471	0	0
TK1	1.78859126684738	0	0
SERPINE1	1.89280462901364	0	0
TUBB6	1.90676154657992	0	0
PLIN2	1.86662862559254	0	0
AVPI1	1.96002300943621	0	0
CSF2RA	2.76601153337991	0	0
CAMK2N1	1.67012592501671	0	0
NCK1	1.47871820589382	0	0
LY6D	4.05493873042131	0	0
MARCH5	1.34496169587521	0	0
KRT15	2.46946198126285	0	0
SAMD9	1.69167732092341	0	0
GATA3	1.77951878658457	0	0
SDCBP2	1.63359704239667	0	0
PLAUR	1.12969320633501	0	0
S100A9	1.07490633081784	0	0
CASP1	1.54285534270826	0	0
ABRACL	1.21174151632446	0	0
PHLDA3	1.17570563725306	0	0
PYCARD	1.39715148704879	0	0
GCLC	1.86539910413986	0	0
BAK1	1.19381912532285	0	0
TRIM29	1.00826409530041	0	0
LYPD3	3.63845245258545	0	0
LAD1	1.23801939000248	0	0
DGKA	1.89172656104233	0	0
LYPD5	2.66408605076762	0	0
TRIM16L	1.88155361858788	0	0
FBLN1	1.13909381278292	0	0
SLCO4A1	2.87592187801592	0	0
GSR	1.22433841604781	0	0
C10orf54	1.04574437617499	0	0
KCNK6	1.76454128964317	0	0
PRAME	3.60748954358564	0	0
KIAA0226	1.13471880630495	0	0
DAPP1	1.07984004488711	0	0
GNAI1	1.69440861513193	0	0
FXYD5	1.54969378813119	0	0
SYK	1.11959067800625	0	0
RTP4	1.28886418693497	0	0
AGFG1	1.43688522391811	0	0
CT83	1.87348276610355	0	0
IGF2BP3	1.31485069822217	0	0
RHOV	1.5569431938358	0	0
KCTD3	1.81906111360648	0	0
HMGA1	1.40916215668598	0	0
CYP3A5	2.83366965116304	0	0
TAP2	1.10949262767157	0	0
RHBDL2	1.26137189674673	0	0
B4GALT4	1.33065007906659	0	0
GSDMB	1.14194118141718	0	0
C3orf52	1.69493854309104	0	0
BIRC3	1.80449574049405	0	0
LAMB3	1.41481854032136	0	0
VTRNA1-2	1.66945812606289	0	0
TRIM31	2.27738243310092	0	0
GMPS	1.06902205738742	0	0
CAPG	1.87815794178819	0	0
BID	1.33704155311396	0	0
SMAGP	1.0584936519967	0	0
CD68	1.43799846635757	0	0
FUOM	1.02457295400177	0	0
ST3GAL4	1.84113429880898	0	0
AK4	1.30800955451367	0	0
IRF5	1.17427201779578	0	0
GPX8	1.77515367493061	0	0
GYG1	1.28289105035268	0	0
G6PD	1.38740051733111	0	0
PDLIM5	1.2056306093248	0	0
ZNF185	1.29271520322653	0	0
PTGES	2.04644767857852	0	0
TRIM16	1.3490566331183	0	0
SECTM1	1.01658384379189	0	0
NIPAL2	1.41205348548732	0	0
RHBDF2	1.19308179882465	0	0
KCMF1	1.05680357339512	0	0
ENOPH1	1.07330964681188	0	0
AP3S1	1.09489232263166	0	0
HCP5	1.16075856951996	0	0
CCDC109B	1.04795039031954	0	0
TRAF2	1.29733273950841	0	0
XPNPEP1	1.28717561054533	0	0
EXT1	1.34935661403235	0	0
F2RL1	1.86726835818773	0	0
ARHGAP10	1.18080767618998	0	0
PGM2	1.82154744151315	0	0
SSH3	1.00871292380842	0	0
RALB	1.18907884323756	0	0
KRT16	2.50524505041119	0	0
APEX2	1.11225994593663	0	0
TMEM206	1.24439413579301	0	0
CKMT1B	1.4151946393861	0	0
PYGL	1.32843691626082	0	0
MAN2A1	1.41642476973699	0	0
SLC9A7	1.35093759945236	0	0
SLC25A43	1.2491452670004	0	0
IKBKE	1.46890679249861	0	0
RIPK2	1.1633019529607	0	0
GALNT5	1.23675993110128	0	0
CASP7	1.3906626433687	0	0
ASS1	2.26265253853472	0	0
PJA1	1.33688143372473	0	0
DIRC2	1.33325741451991	0	0
GIT2	1.18222795137893	0	0
ADAM9	1.45621276234278	0	0
BLNK	1.40623326644592	0	0
TMC8	1.14180750970174	0	0
TAP1	1.80320569882123	0	0
RND3	1.25529157580309	0	0
CDCP1	1.3117916789088	0	0
GALNT7	1.46788748409671	0	0
OPN3	1.57956571210723	0	0
ACSL1	1.12517301013995	0	0
PLOD2	1.06852121417808	0	0
NPNT	1.23723424613875	0	0
C16orf74	1.74395422253401	0	0
NOTCH2NL	1.04228619198482	0	0
NUP54	1.05629710104049	0	0
PLEKHA1	1.2281208195982	0	0
MFI2	1.4569199607999	0	0
GM2A	1.04230891138724	0	0
ZDHHC13	1.06825659832106	0	0
TSPAN14	1.09553206521235	0	0
SNCG	1.68419050151464	0	0
GALNT12	2.96496857434696	0	0
YES1	1.06479834828879	0	0
SLC16A3	1.17426955221173	0	0
CMPK2	1.01854960413024	0	0
RAP2B	1.90615755944427	0	0
ACOT4	1.0343269734058	0	0
AIM1L	2.01672382416597	0	0
SPECC1	1.1314651324061	0	0
LOC401585	1.84166667857301	0	0
IL18	1.22219129035883	0	0
TINAGL1	1.02836527555193	0	0
HTATIP2	1.39229910532998	0	0
TNFSF13B	1.66946445240624	0	0
HPS6	1.03081872106652	0	0
TINCR	1.25501756779719	0	0
NADSYN1	1.03066880033931	0	0
PKP2	1.31877294663676	0	0
HPS5	1.0458074843201	0	0
PLEKHF2	1.09359005972451	0	0
PFKP	2.43155276451975	0	0
TMBIM1	1.34288587373644	0	0
VAMP7	1.17868829403847	0	0
RNF14	1.09792147746233	0	0
STARD4	1.19416829142911	0	0
CPE	1.05806212975957	0	0
CSTA	1.79729702636193	0	0
TMEM183A	1.00621726767623	0	0
FIBCD1	1.24026744479974	0	0
SLC12A8	1.81768697700439	0	0
PPM1H	1.12216436582057	0	0
DLD	1.78392884386405	0	0
GSKIP	1.15010018291009	0	0
SLC44A1	1.55533601700122	0	0
CDK6	1.21871750200331	0	0
EPHA1	1.1286405253329	0	0
VOPP1	1.26242211425595	0	0
LYPLA1	1.00120878297603	0	0
PAM	1.69102823301229	0	0
PGAM1	1.27480544368676	0	0
S100A16	1.06571457380447	0	0
ADGRF1	1.73421465112043	0	0
ERI1	1.00621687709919	0	0
SQRDL	1.11479318619657	0	0
S100P	3.18598033605428	0	0
MINPP1	1.22982861602731	0	0
ITGB2	1.04413756135763	0	0
CA12	1.80638571160926	0	0
PLEKHG6	1.20220094106802	0	0
TXNRD1	1.28378687436743	0	0
F12	1.32431995180629	0	0
SLC41A2	1.08479183605969	0	0
STRADB	1.1273609098437	0	0
NOMO2	1.14320692755077	0	0
RELL1	1.2742009154744	0	0
SLC2A1	1.42332424899246	0	0
PAK1	1.02597918278278	0	0
CTSL	1.07695709558223	0	0
PVRL4	1.06044615367012	0	0
APOL1	1.65327543901048	0	0
GCNT3	1.02200093687132	0	0
ADM	1.31255198309979	0	0
PLBD1	1.86906201987454	0	0
FCHO1	1.52616411499448	0	0
METTL9	1.03033465163124	0	0
RHCG	3.16067244694416	0	0
APOBEC3B	1.05682325735001	0	0
MYD88	1.41511278508425	0	0
BPNT1	1.02254317851623	0	0
PSMB9	1.1855187105515	0	0
FGFBP1	1.14936047522115	0	0
ADAM15	1.80023648004491	0	0
RNF141	1.30524978682078	0	0
LINC01420	1.04702687687679	0	0
CARD11	1.23706200959782	0	0
AIM2	3.95042277126924	0	0
INPP1	1.15284983873714	0	0
RFWD2	1.39773619070633	0	0
SOWAHB	1.2505452072202	0	0
SUCLG2	1.41819803542301	0	0
IL32	1.17877688817551	0	0
ADA	1.43323958366104	0	0
BPGM	2.07256582860022	0	0
GJB4	1.90896554478848	0	0
APOL3	1.27990509427015	0	0
RHPN2	1.07446311024378	0	0
S100A8	1.22444137753952	0	0
GALNT2	1.23617292315222	0	0
FAM110C	1.51222120586927	0	0
KCP	1.68954403721136	0	0
CFB	1.32902495828038	0	0
RAB9A	1.64295664900616	0	0
FAM220A	1.12771206331805	0	0
ALDH18A1	1.09261998652796	0	0
DCK	1.11397200015894	0	0
CACUL1	1.2439463855768	0	0
BACE2	2.44851735217765	0	0
RNF168	1.13150285625609	0	0
KLK10	1.44420772454155	0	0
CLDN1	1.13834348000727	0	0
C1GALT1C1	1.12269283442522	0	0
LOC344887	3.03344416710085	0	0
SLC6A14	1.11555132402108	0	0
ADIRF	1.12450875572609	0	0
VWA5A	2.21024311183865	0	0
PDZK1IP1	1.13059159385374	0	0
FYB	2.37401168960799	0	0
CXCL11	4.13738695677568	0	0
HLA-F	1.30530817375287	0	0
UBE2L6	1.00662362645001	0	0
CNOT8	1.29112907993461	0	0
COG2	1.25500614251388	0	0
ERO1A	2.53027517295618	0	0
C20orf24	1.08075462994964	0	0
PGD	2.02945079718288	0	0
ACE2	1.3501300460899	0	0
CAPZA2	1.18800759767956	0	0
CXCL16	1.22348218339712	0	0
C15orf48	2.00297026982752	0	0
STK24	1.52691956723	0	0
MUC20	1.94847168871275	0	0
HADHB	1.03867801183385	0	0
ETFB	1.18457520373912	0	0
CFH	1.1317147951746	0	0
ITGB1	1.63825036920416	0	0
IDH1	1.78995090924272	0	0
MPZL2	1.24680478531168	0	0
HN1	1.18783584014807	0	0
WDR72	1.98546205459068	0	0
KRT17	1.01400010367789	0	0
BZW1	1.17694217938641	0	0
PSMB10	1.02106190761679	0	0
RCN1	1.09795631682125	0	0
CIB2	1.07895929572461	0	0
CYB5R4	1.2026613003861	0	0
RAB10	1.01636915170687	0	0
PIM1	1.04416357120934	0	0
CDK16	1.06711596699426	0	0
IL15	1.32848765930158	0	0
GBP4	1.09673591676949	0	0
CBR1	1.94962155972819	0	0
TMCC3	2.15751354393705	0	0
ELOVL6	1.48058903110614	0	0
ANKRD13A	1.19266627607536	0	0
UQCRFS1	1.04342735184185	0	0
HEXB	1.42269840612126	0	0
TMEM171	1.37587721161508	0	0
UCHL1	1.3909791786458	0	0
PTAFR	1.14819141946147	0	0
LCN2	1.3197015393241	0	0
CLMP	1.62017172391924	0	0
IL20RB	1.92259121385303	0	0
GGACT	1.17121274071897	0	0
STYK1	1.09855245353677	0	0
PPP2R2C	1.25898831357167	0	0
ARPC5	1.39627215882688	0	0
EVA1C	1.03699434678749	0	0
CENPW	1.59841430033525	0	0
HOTAIRM1	1.77438676688833	0	0
SFN	1.34042789743106	0	0
VDAC2	1.03992347441142	0	0
ADGRF4	2.18761089006422	0	0
TMEM117	1.72429459358376	0	0
ST14	1.6739491283213	0	0
CBR3	1.0231830346228	0	0
SPPL2A	1.04601594353065	0	0
GJB5	1.64784891225094	0	0
ACOT7	1.63787718873656	0	0
SH3KBP1	1.6530641265462	0	0
TMEM33	1.21104765855844	0	0
COPG1	1.00377132839205	0	0
FEZ1	1.9867252095848	0	0
GRHL3	1.46390100927688	0	0
MIR100HG	2.26221931563957	0	0
GPX2	1.44000916249156	0	0
EDN2	2.44287538399833	0	0
IL1RN	1.85297086241549	0	0
PLEK2	1.18564748439184	0	0
GTDC1	1.20216654789008	0	0
KLK8	3.72738006906243	0	0
SYPL1	1.31732251233669	0	0
WDR45B	1.05521977858584	0	0
STON2	1.02569773525437	0	0
IPPK	1.07619622085295	0	0
GOLM1	1.82295151860687	0	0
PRAP1	2.80930217676349	0	0
LINC01116	1.50326339951209	0	0
PPT1	1.06654862468427	0	0
OASL	1.98542507803943	0	0
LOC102723373	1.0888896501644	0	0
IL2RG	1.08579846256656	0	0
PARP15	1.44963733388392	0	0
SMS	1.44944082343912	0	0
LINC00491	1.07482282158471	0	0
S100A2	3.38117215441922	0	0
GPR157	1.11543879475718	0	0
SLC15A2	1.05240744050201	0	0
UPK3BL	1.0165832413997	0	0
LITAF	1.17378253659156	0	0
TPM2	2.61424239991454	0	0
GPRC5A	1.11913172019366	0	0
WARS	1.3733093657728	0	0
NENF	1.11579237830549	0	0
TNFRSF6B	1.71662294823802	0	0
SLC15A3	1.14100795583209	0	0
EXOC3L4	1.51285989990412	0	0
AUNIP	1.42810456453629	0	0
FXYD3	1.48490737589841	0	0
OCLN	1.01480254158627	0	0
HOXD9	1.24654618595617	0	0
SNAI2	2.49048187178621	0	0
GSTK1	1.25771279965381	0	0
FABP5	1.43505243383521	0	0
SRRM3	1.17962388065638	0	0
BDKRB1	1.35788222658554	0	0
GPI	1.04648348844486	0	0
H6PD	1.52935855309847	0	0
MIR205HG	1.48297044627567	0	0
COPZ2	1.58879768585753	0	0
TYMP	1.3601496592649	0	0
ARPC2	1.05259128103462	0	0
EGLN3	1.32216566376254	0	0
ITFG1	1.17522296765252	0	0
PHEX	1.43636663595733	0	0
EFNB1	1.124977743112	0	0
TMEM45A	1.25324729218503	0	0
FOSL1	1.58863608033032	0	0
TCN1	1.56618821213413	0	0
ARPC1A	1.12858848554673	0	0
PTGR1	1.10789600630142	0	0
LDHA	1.75917955074413	0	0
SERPINB9P1	1.21693346023255	0	0
SCCPDH	2.38771203666774	0	0
ERGIC1	1.07165840778518	0	0
QSOX1	1.74598817759712	0	0
FBXO17	1.52664954041879	0	0
PTP4A2	1.24071922501821	0	0
HAGLROS	1.04706792053586	0	0
FAM83A-AS1	1.10994860243896	0	0
HAPLN3	1.08789809803034	0	0
TALDO1	1.09941299792004	0	0
C1orf61	1.07808764974613	0	0
SGSM3	1.47558350652586	0	0
KLK6	3.4524384761218	0	0
FIRRE	2.02784196038129	0	0
FOXE1	1.4913229182007	0	0
NDUFA4L2	3.12041827994271	0	0
CCNB2	1.32658390323778	0	0
UBE2C	2.13661310103307	0	0
CDKN3	1.86907852877783	0	0
UPK2	2.26018967305477	0	0
GDE1	1.22923781164317	0	0
POPDC3	2.11853768072819	0	0
BIRC5	1.61090261164732	0	0
USP30-AS1	1.09080393764625	0	0
CTSB	1.19863901744623	0	0
AKR1B15	1.90811723103462	0	0
ZWINT	1.06798821962534	0	0
KIAA0101	1.14117844190445	0	0
CXCL10	3.7398669684341	0	0
TM4SF19	1.37048262451936	0	0
KLK7	1.61097781449547	0	0
PITX2	2.13045660604718	0	0
STXBP6	1.05173635047697	0	0
ARPC1B	1.01616700034251	0	0
TPX2	1.22544630520204	0	0
FAM107B	1.08774682774286	0	0
APOBEC3A	2.3154087117164	0	0
CEP55	1.40944749046024	0	0
MELK	1.31540139088	0	0
LINC01260	1.45741485336215	0	0
TXN	1.07525326271029	0	0
ASPM	1.45556887661325	0	0
CDC20	1.23698240342293	0	0
PKMYT1	1.10573284534188	0	0
ORC6	1.11551494577097	0	0
PBK	1.72563010492545	0	0
APOL4	1.69022101271321	0	0
CALHM2	1.75545516795507	0	0
SPOCD1	1.13633549849335	0	0
MAB21L3	1.01551667071696	0	0
TMPRSS11D	1.54524650211167	0	0
CCNB1	1.15577497902101	0	0
SP140	1.87437591629154	0	0
TROAP	1.24278257630405	0	0
PGK1	1.55567188593776	0	0
ABLIM3	1.47754643539849	0	0
TMEM71	1.04414217872417	0	0
CKAP2L	1.45220034403397	0	0
ARL11	1.00091106394578	0	0
SGOL1	1.1416867701539	0	0
PLK1	1.65303869458277	0	0
SLC37A2	1.00278376990688	0	0
GINS2	1.01994676599621	0	0
AURKB	1.69507008890338	0	0
IL4I1	1.2948432669035	0	0
CAPN2	1.04615392193637	0	0
CDCA3	1.68316507579829	0	0
ABCG2	1.21539270151967	0	0
MYBL2	1.30842771226016	0	0
ALK	1.35369996651756	0	0
SPC25	1.34026563023825	0	0
CDK1	1.0763354945216	0	0
KRT7	1.10206529581928	0	0
PTTG1	1.18629350591821	0	0
HSPA7	2.80877137606384	0	0
ALDOA	1.55948570147206	0	0
KRT19	1.07140587391853	0	0
TACSTD2	1.33123048371963	0	0
PLA2G16	1.41651700970199	0	0
RAC1	1.13698911167379	0	0
TMSB10	1.27839583013985	0	0
AKR1C3	1.68175064528669	0	0
SUSD2	0	3.42204851191944	0
MS4A15	0	4.72601228651282	0
SFTPB	0	1.80512917404125	0
AQP4	0	4.29167376884456	0
SFTPD	0	3.23074704525346	0
RGS16	0	3.18393774555211	0
C16orf89	0	1.6726546178741	0
TNS1	0	2.54206753902618	0
CYP4B1	0	1.76955016066488	0
C4BPA	0	1.80968472759407	0
NKX2-1	0	1.75929516924063	0
DLC1	0	3.14999305327681	0
SCGB3A1	0	2.48756484875543	0
FLRT3	0	3.05833852392578	0
ADGRF5	0	1.40087317526929	0
SFTA3	0	1.86902045981949	0
RNASE1	0	1.96652378953042	0
NFIX	0	1.96177421505126	0
AQP1	0	1.89706225846347	0
CYP2B7P	0	2.28360175619044	0
SLC22A31	0	1.94828832215653	0
CYBRD1	0	2.17360372387328	0
SCNN1B	0	2.40076281972472	0
PLXNA2	0	2.41309110969739	0
ICAM4	0	2.24625362511592	0
CLIC6	0	1.94788613733762	0
ATP13A4	0	2.14314026051549	0
FOXA2	0	1.44997021437808	0
CADM1	0	2.8335518091327	0
CACNA2D2	0	2.87959678155898	0
PGC	0	4.75925239854469	0
ADGRD1	0	2.58241751934264	0
PDE4C	0	2.86250916919554	0
AASS	0	2.09764697011108	0
CTSE	0	1.09999741490133	0
PEBP4	0	3.85854229136987	0
AGER	0	4.37943467841908	0
SCGB3A2	0	2.39887174032001	0
CLDN18	0	5.23060838166402	0
GAS6	0	2.16025237254869	0
AQP5	0	1.12975081039177	1.0806670451952
ABCA3	0	2.14136033648574	0
FAM184A	0	1.77364682497251	0
CD302	0	1.97956871486384	0
GATA6	0	2.53734730243538	0
GLS	0	1.6808036960439	0
ABCC6	0	2.1032938113612	0
KIAA1683	0	1.86842429225884	0
ANKRD29	0	3.11875196508018	0
GGTLC1	0	2.70770041907857	0
GSTA4	0	1.93806836607919	0
HSD17B6	0	3.05134960622479	0
ITPR2	0	2.33442471170038	0
FAM46B	0	1.86233390323023	0
PRDM16	0	2.14170210857998	0
TBC1D24	0	2.00551299404898	0
FOSB	0	1.16833418898486	0
CEBPA	0	2.11259694702168	0
LRRN4	0	2.88824778759662	0
GLCCI1	0	1.95594594765487	0
TMEM37	0	1.46942640927119	0
LRIG2	0	2.50577161220875	0
ZDHHC11	0	2.405480577653	0
P3H2	0	2.78544130733686	0
TNS3	0	1.70173772515757	0
PID1	0	1.9460050373162	0
PTGS2	0	1.39049693014891	0
KCNJ15	0	2.08157962200422	0
SLC22A3	0	1.80335895280486	0
UTRN	0	1.45832009358778	0
ESAM	0	2.40375104477078	0
BTG2	0	1.03741478533099	0
FAM46C	0	1.33112257177494	0
DPP4	0	1.11469643957171	0
COL4A3	0	2.40192845080149	0
CREB3L1	0	1.7423140054839	0
FOLR1	0	1.20785282829219	0
MARC1	0	2.03908486017946	0
AHCYL2	0	1.82306254692696	0
IRX3	0	1.45432438210385	0
FBLN5	0	1.96163003375856	0
ADRB2	0	1.27973315876474	0
RCN3	0	2.25096730004682	0
MAGI3	0	1.90747637867285	0
LPCAT1	0	1.09378051161913	0
TMPRSS2	0	1.63943265721656	0
GDF15	0	1.0691901877742	0
ATHL1	0	1.46705859271664	0
IRX2	0	1.52646564117834	0
NECAB3	0	2.18967236618498	0
PLLP	0	1.36680166843037	0
MST1P2	0	2.33927067762614	0
LRRK2	0	2.14113817817121	0
GSE1	0	1.30772695237891	0
CACHD1	0	1.58837344356	0
FOXN3	0	1.58561606805898	0
FLJ37453	0	1.76999562837741	0
SCTR	0	2.34656955200374	0
PRICKLE1	0	2.19656977907152	0
SULT1A1	0	1.13990285306994	0
PER3	0	1.61386604895029	0
FERMT2	0	1.82465339910352	0
SYDE2	0	1.87711673913698	0
RNF212	0	1.80000482902921	0
SULT1A2	0	2.03525291135511	0
LOC643441	0	2.76566045936293	0
ICAM1	0	1.43357377470069	0
MST1L	0	1.90636384672793	0
KCNK5	0	1.20737292357154	0
RIMKLA	0	1.62234513013686	0
BCAT1	0	2.68393137745083	0
MMP28	0	1.16264489039596	0
FHOD1	0	1.75016086865141	0
CPM	0	1.32599175564912	0
MBIP	0	1.28756153078944	0
NUP210L	0	1.67064575640014	0
PTK7	0	1.32564339861584	0
SOD3	0	2.33946096170853	0
PEG10	0	2.42269322685872	0
SFTA2	0	1.47991344603516	0
NOD1	0	1.94349544729205	0
BMP4	0	1.71494007681247	0
SNHG9	0	1.43183419566986	0
HBEGF	0	1.53877072609055	0
MYL9	0	1.30332501613847	0
AARD	0	2.54160312430183	0
PTCSC3	0	3.29596937515678	0
FGFR1	0	2.21851114125558	0
PHACTR1	0	2.01221339803686	0
LMO3	0	1.14346922497948	0
LRRC36	0	2.74954519720464	0
BAMBI	0	1.30454896056299	0
EVA1A	0	1.04155064054897	0
C1orf116	0	1.76726025455144	0
GYLTL1B	0	1.29108073003036	0
SELENBP1	0	1.73408599732246	0
PALM3	0	2.64585753226433	0
CLIC3	0	2.03926148822132	0
CRTAC1	0	3.38282799812392	0
SNAI1	0	2.28797402117624	0
HOXD1	0	1.5033990869457	0
CMAHP	0	1.20055852952681	0
CLUHP3	0	2.02036240447386	0
KLF13	0	1.37426730306568	0
CGNL1	0	1.48321047728724	0
ADAMTS1	0	1.50542985279072	0
HPN	0	1.02822823582421	0
AK1	0	1.6710699443784	0
TMEM130	0	2.83067872746862	0
JPH1	0	2.05887341245291	0
CXCL14	0	1.88412945880152	0
CITED2	0	1.34201690419033	0
RASL11A	0	1.71282855146863	0
PDZD2	0	1.2085195543692	0
SFTA1P	0	1.21994801091647	0
CA2	0	1.462743131458	0
CLIC2	0	1.25838578742832	0
GSTM1	0	2.16508227673655	0
ARHGAP24	0	1.51800704726119	0
COL4A4	0	1.74262797860464	0
ARHGEF19	0	1.54987153911434	0
VEPH1	0	1.48912040321374	0
IRX5	0	1.08565827611308	0
CD83	0	1.0147822398031	0
KCNQ1OT1	0	1.25571137546529	0
SNTB1	0	1.31491232722071	0
MMP15	0	1.7670210756209	0
NDNF	0	2.18486753998472	0
CIT	0	1.21844425921446	0
TMEM125	0	1.52402025580942	0
ATP13A4-AS1	0	1.7792361657712	0
DAPK2	0	1.61424581478548	0
CPAMD8	0	1.85339862358762	0
SFTPC	0	2.9837759879976	0
ESYT3	0	2.16011044314899	0
HLA-DMB	0	1.2497443296426	0
FBXL16	0	2.36520818188273	0
USP44	0	1.58116959850376	0
CECR2	0	1.4436352095849	0
UBTD1	0	1.17729810592739	0
LRP6	0	1.19439898342973	0
JDP2	0	1.55034753620976	0
SLC41A1	0	1.46655211379888	0
MRC2	0	2.05049058112514	0
TAOK2	0	1.65702016187654	0
SEMA4A	0	1.49281153620817	0
ACADSB	0	1.28892037340133	0
ARHGAP31	0	2.30909120233957	0
CYFIP2	0	1.59936904078181	0
SLC34A2	0	1.28408491841804	0
MFSD4	0	1.15673763319855	0
ERO1B	0	1.33155877671789	0
CDH15	0	2.38750538296832	0
LDHD	0	2.05151254704867	0
KLHL35	0	1.76752098477407	0
HIP1	0	1.02664014939059	0
PLEKHG4B	0	1.17474473962315	0
MTRNR2L2	0	1.08422282628617	0
C12orf65	0	1.46836990234404	0
HIRIP3	0	1.32453665160951	0
RNF5P1	0	1.46571716186087	0
HLA-DQB2	0	1.23129823811295	0
CFTR	0	2.18220498817138	0
NINJ2	0	2.14199446121037	0
PYGB	0	1.19106133066214	0
MEF2C	0	1.47340248513825	0
LMO4	0	1.1211612991918	0
ARHGEF17	0	1.6906352049716	0
ARHGEF2	0	1.33820257701349	0
TSPYL2	0	1.16061931722756	0
ROR1	0	1.30182653058404	0
CTSF	0	1.26430772452744	0
LOC101927132	0	2.29115462255647	0
AXIN2	0	2.51283772605336	0
CISH	0	1.45619427137758	0
ATP8A1	0	1.63526924338771	0
PDXDC2P	0	1.47955063108128	0
DLX3	0	2.07529306476555	0
PRR3	0	1.66406588898858	0
ROS1	0	1.0789335982504	0
ABCC6P1	0	1.49713939644825	0
CAV1	0	2.01949444803374	0
FNIP2	0	1.5626189241046	0
DAPK1	0	1.33710296556429	0
MXRA8	0	1.83168918264101	0
USP13	0	1.19115980570415	0
COLEC12	0	1.8156836011811	0
PRDM2	0	1.31828449558828	0
ADCY9	0	1.4075328648989	0
CYP4Z2P	0	2.02218283425256	0
ZHX3	0	1.57920406567209	0
LOC728613	0	1.01451203976026	0
AFF3	0	3.19754231749144	0
BEX2	0	1.47297972247488	0
SCUBE3	0	1.87684510467094	0
HAGLR	0	1.06562936436189	0
ICAM5	0	1.91286456727747	0
FAM189A2	0	1.91364117030943	0
ADCY7	0	1.76713116987161	0
RASSF5	0	1.29818288094971	0
C1orf198	0	1.02574444740906	0
TAPT1	0	1.23842663048053	0
ADRB1	0	1.25112247838558	0
INPP5B	0	1.23417053565576	0
SCNN1G	0	1.90436748953003	0
PCF11	0	1.37247251529291	0
GRB10	0	1.16295908600131	0
PLEKHG2	0	2.34866057640926	0
VSIG2	0	1.01691157005077	0
TNNC1	0	2.1515808958942	0
CPQ	0	1.1853960280657	0
MYLIP	0	1.58836268106236	0
GNG7	0	1.82089459095066	0
SALL2	0	1.81936480885192	0
HOXC10	0	2.09261895294976	0
RSBN1	0	1.0538532442105	0
EEF2K	0	1.27927915363882	0
MYCL	0	1.36501625906369	0
FZD2	0	2.70006515806668	0
SLC9A5	0	2.25489240926261	0
TNFSF15	0	1.23327759005392	0
KHDRBS2	0	2.45251703962	0
NPIPB5	0	1.0131973992746	0
ACSS1	0	1.37567759076948	0
PPM1K	0	1.02229249771218	0
ARHGAP44	0	1.54017273730371	0
PHLDB1	0	1.28050711311211	0
ZNF219	0	1.24004864220393	0
GCNT2	0	1.12666990026223	0
PPP1R10	0	1.60787986082467	0
ZSCAN31	0	1.47906723928316	0
MDN1	0	1.08871491732569	0
NCDN	0	1.29389706665593	0
CHD8	0	1.17862695468809	0
SLC47A1	0	1.83842621652878	0
ORMDL3	0	1.17814765227883	0
LRRC75B	0	1.25797216821281	0
MAP1LC3A	0	1.22019968919508	0
C16orf58	0	1.10866989574136	0
FAM129A	0	1.45226315808121	0
LRRC25	0	2.6955581551881	0
TPPP	0	2.13336215177956	0
ADCK3	0	1.11712449024516	0
RCOR1	0	1.15195207013261	0
ECEL1P2	0	2.25549407380899	0
MTHFR	0	1.52483460534341	0
MIA3	0	1.01562043511107	0
PTPRS	0	1.0243826325899	0
DAAM2	0	1.99583644977759	0
FABP3	0	2.31156944136521	0
ZNF503	0	1.5314101726322	0
RNPC3	0	1.09678785157669	0
SZT2	0	1.71450955114749	0
PRF1	0	2.72740843413898	0
GJA1	0	1.70504726637165	0
MAPK8IP3	0	1.15104874799932	0
SLC7A6	0	1.39840821985457	0
BRDT	0	2.69028912011883	0
ATP11A-AS1	0	2.65556420924988	0
ZNF204P	0	1.13255662593785	0
SLC16A10	0	1.60049252203983	0
CARD8	0	1.29363712428427	0
SDPR	0	1.2727932875594	0
NBPF1	0	1.22780105818567	0
CAPN3	0	1.61924505025264	0
MED26	0	1.58745039749114	0
EVL	0	1.14974419556997	0
NPTX1	0	3.33122748316447	0
MT1L	0	1.36975384930864	0
TSPAN12	0	1.23195169495847	0
SNHG12	0	1.14487505116796	0
LL22NC03-75H12.2	0	1.65648167385321	0
LOC100190986	0	1.0242107729244	0
CRLS1	0	1.14193141357721	0
ABCA1	0	1.30205332364811	0
BCOR	0	1.38207327878247	0
ZBTB8A	0	1.41951106005901	0
ALDH2	0	1.14372545762755	0
IL6R	0	1.04867204207019	0
GSTM2	0	1.26531450168572	0
PPIEL	0	1.44187259993059	0
ALDH3A2	0	1.17732280089758	0
TNS2	0	1.3916220176924	0
PMP22	0	1.04061555711604	1.09826540032253
ZNF608	0	1.21675468021845	0
ZSWIM4	0	1.08925507952412	0
RASL11B	0	2.15274454476911	0
POU3F1	0	1.33794870311979	0
FAM117A	0	1.26126813507346	0
KIAA1324	0	1.13935639455742	0
NCOR2	0	1.07292079446543	0
WWP2	0	1.21553769381183	0
HERC2P2	0	1.21707822406842	0
HCG18	0	1.08136585449803	0
MYO9B	0	1.05526553230953	0
RPS6KA1	0	1.01827207798604	0
HIST1H2AM	0	1.37093611969467	0
TMEM108	0	1.50929638693914	0
KHDRBS3	0	1.10316920981381	0
SBK1	0	1.45530207966622	0
BNIPL	0	1.38729028327972	0
AMY2B	0	1.2683691773522	0
TRIM46	0	1.57469610720779	0
HSF4	0	1.34154432985867	0
KANSL1	0	1.02661495835261	0
SORCS2	0	1.32831842198458	0
ST3GAL6	0	1.67746119144833	0
LIMD1	0	1.47095985624335	0
ZCCHC14	0	1.45963404542	0
TMEM180	0	1.15793757565711	0
GFRA3	0	2.79229873024666	0
ACSM3	0	1.4523087510934	0
KANK2	0	1.44360797295116	0
NCKAP5	0	1.54253949900785	0
VPS13D	0	1.31040666168342	0
ABAT	0	1.46614762638898	0
ZBTB16	0	1.92766790313838	0
KIAA0319L	0	1.05012925578681	0
GSTM3	0	1.5802285071842	0
POLH	0	1.23346586014146	0
HOXC11	0	2.00130545198277	0
ELF5	0	2.24194011546951	0
DDIT3	0	1.02482722598004	0
C4BPB	0	1.27818883919718	0
ARHGEF26	0	1.26855295858681	0
RANBP10	0	1.29736612984355	0
PKD1P6	0	1.18633033273633	0
MAPKAPK2	0	1.08010566284077	0
GGT1	0	1.02735053307021	0
DHDH	0	1.44684476340188	0
FOXJ3	0	1.1895406552628	0
TANGO6	0	2.03196493798239	0
SYT2	0	1.81788458572095	0
ZC3H6	0	1.2713974020519	0
TULP2	0	1.25039758989025	0
RPPH1	0	1.41430779852084	0
ZBTB4	0	1.12037014946865	0
KLRG2	0	1.84334254590229	0
PDP2	0	1.20830417954824	0
CCDC92	0	1.23547975089972	0
GRB14	0	1.26889822748296	0
NFAT5	0	1.16571725787415	0
PRKCZ	0	1.12899986365601	0
LHFPL3-AS2	0	2.31452650668746	0
CENPB	0	1.13557782882955	0
CLIC5	0	1.5931554727927	0
FLJ42627	0	1.36817246132163	0
DGKD	0	1.06917085469168	0
AQP4-AS1	0	1.05704614463862	0
DDHD1	0	1.00178129109004	0
UNC13B	0	1.10801558067097	0
PLEKHG4	0	1.67740599764255	0
LOC100505984	0	1.77160476474403	0
PRX	0	2.17753479596045	0
SMIM1	0	1.65622154657553	0
TSPYL5	0	1.35040328166755	0
RASGRF1	0	1.15454467322642	0
TAF4B	0	1.46327024986708	0
TEF	0	1.35309594079902	0
RGL3	0	1.32700854691485	0
FUK	0	1.35673860761275	0
TNRC6A	0	1.19401425453388	0
TMEM243	0	1.04748973231713	0
HLA-DPB1	0	1.57186402687877	0
MDC1	0	1.42922550602381	0
MVB12B	0	1.06115952748904	0
GGA2	0	1.0414183723553	0
GNMT	0	2.11907628841125	0
NHSL1	0	1.49670134050648	0
LINC00685	0	1.06589112956789	0
LILRB3	0	1.91280741726887	0
SFXN2	0	1.38795724828449	0
BCORL1	0	1.38174809952815	0
TTC39A	0	1.0226023879232	0
C5orf38	0	1.3142574891196	0
CCNF	0	1.01070715017548	0
EFNA2	0	2.22800850729193	0
DGAT2	0	1.66225683884154	0
PLCE1	0	1.23709812977212	0
HOOK1	0	1.19091604039513	0
VKORC1L1	0	1.11090805294191	0
SYNPO	0	1.27037423600039	0
MPV17L2	0	1.3111507622083	0
CLUL1	0	1.59128858318113	0
WASH7P	0	1.03210661665889	0
GPD1L	0	1.10582922314959	0
CSPG5	0	1.69210130740464	0
MERTK	0	1.69055825000571	0
TGFB2	0	1.11704302034782	0
NEB	0	1.2843906337296	0
DSTNP2	0	1.37988675923518	0
GTF2IP20	0	1.23591763209213	0
FXR2	0	1.32422187834807	0
CCDC101	0	1.0404274938923	0
NUAK2	0	1.08999908399078	0
ARC	0	1.86024412995444	0
ZNF844	0	1.28304142732681	0
LZTS3	0	1.6454525245561	0
RASSF8	0	1.16958596167759	0
WNT3A	0	2.35920891551757	0
TEPP	0	1.47463123374079	0
DPCR1	0	2.6830450620544	0
ORM2	0	1.3253526727473	0
ZNF44	0	1.05576587480464	0
FSTL4	0	1.73019162391162	0
PVRL3	0	1.18444678537229	0
GOLGA6L9	0	1.48918637732792	0
CCDC163P	0	1.56778270407676	0
MAVS	0	1.11169443737449	0
SOX12	0	1.18906657658305	0
TNRC6C	0	1.14686341007822	0
ALS2CR11	0	1.9852966344689	0
FAM65C	0	1.92204736607126	0
ASAP3	0	1.37175463551499	0
FREM2	0	2.48092666490486	0
CREBBP	0	1.16022944174109	0
SGSM2	0	1.11881091221801	0
WNK3	0	2.00359304352955	0
ST3GAL2	0	1.3343323188238	0
LINC00641	0	1.32365810134623	0
LOC100507577	0	1.01039888878451	0
SH2B1	0	1.23582599160322	0
ATP1B2	0	2.13322755819497	0
VAMP2	0	1.20287603574551	0
SYT15	0	1.24026778677628	0
COL1A2	0	1.07762372000508	0
ZNF358	0	1.25009804788202	0
ULK1	0	1.0543907164096	0
MYSM1	0	1.16265453671333	0
GADD45B	0	1.45501517858622	0
FOXQ1	0	1.32372675092657	0
NINL	0	1.28183821382477	0
CROCCP2	0	1.03798850965469	0
GSDMC	0	1.13114302026661	0
EFNA1	0	1.37198728469709	0
GLS2	0	1.78390886594034	0
PPM1N	0	1.96132229173039	0
ATP6V1C2	0	1.71525730584125	0
B3GNT9	0	1.17709955412701	0
TNRC18	0	1.15208232864448	0
ZNF597	0	1.03723459964134	0
ZBTB18	0	1.62817064914733	0
ATG14	0	1.11300134181257	0
NRIP3	0	1.64254362810485	0
NKX2-1-AS1	0	1.02411609982204	0
SEPT7P2	0	1.1794941261544	0
PIK3C2A	0	1.17739581783962	0
PCP2	0	1.05457453592283	0
MPP1	0	1.71069308392238	0
ALPP	0	2.0382518331745	0
NFATC4	0	1.44156016886702	0
BMP8A	0	1.29204068263868	0
LOC284023	0	1.28196170475504	0
LIFR	0	1.20775169644623	0
TFEB	0	1.16527804130256	0
PFKFB2	0	1.06889356908733	0
CAMTA2	0	1.17894600375326	0
DHCR24	0	1.00390137351653	0
ZNF385B	0	1.36664638096165	0
PTCH2	0	1.49109782868962	0
FADS2	0	1.07512373890306	0
RHCE	0	1.53446620619596	0
SLAIN1	0	1.23393516876338	0
TRPV1	0	1.27412337647679	0
ITPKB	0	1.07315907808621	0
MYH10	0	1.00062076472963	0
LOC727896	0	1.65866527096234	0
SORBS1	0	1.10438808214924	0
IRX1	0	1.063790379557	0
PPARGC1A	0	1.76664439708308	0
CDON	0	1.13158299848158	0
PLA2G1B	0	1.7595128878642	0
PANX2	0	1.42945969849959	0
SLC2A11	0	1.09922852926197	0
CYP2R1	0	1.31331467792746	0
TMEM64	0	1.0767068908337	0
LMO7	0	1.28148234777095	0
SENP6	0	1.04709695967283	0
SLC29A2	0	1.03224290549531	0
HIST1H2BN	0	1.39696784095075	0
FMO2	0	1.99195997862075	0
RPRD2	0	1.05103230621985	0
GAB2	0	1.69097660046501	0
TGFB1I1	0	1.11279726213067	0
TMEM56	0	1.03069754297057	0
KLF15	0	1.50295257412865	0
TTYH2	0	1.45566173319343	0
DMRTA2	0	1.06815242236358	1.00213700796178
MYOM1	0	1.77459937477218	0
CLCN5	0	1.38747335672655	0
HLA-DMA	0	1.18490517828939	0
SCARF1	0	1.08020677508023	0
ST6GALNAC4	0	1.03760579601533	0
IRF4	0	1.27704904154807	0
HUNK	0	2.05398838694	0
SLC1A2	0	2.332618232432	0
RNU2-2P	0	1.3005075640493	0
CSAD	0	1.26676414927817	0
CIITA	0	1.45628974883176	0
PAPD5	0	1.14051743214227	0
LCAT	0	1.29648119023232	0
RBBP6	0	1.26845710561872	0
CLCNKB	0	2.11364910401436	0
LOC344967	0	2.02516873338193	0
NBEAL1	0	1.0558668952666	0
GPR68	0	1.50287096512379	0
LOC101929541	0	1.35903584693958	0
COL6A2	0	1.25621461969059	0
ZSWIM5	0	1.17212447968643	0
USP27X	0	1.62533085384368	0
IKZF3	0	1.41335803961851	0
FBXO42	0	1.08323192813399	0
MIR646HG	0	1.04363956000049	0
SPARC	0	1.31649897052621	0
EN2	0	1.74583629273124	0
SLC43A1	0	1.23265717825904	0
BAHCC1	0	1.02581591400021	0
C8orf34	0	1.0106753963061	0
SLC24A3	0	1.34203710278706	0
PTPN14	0	1.02260397739601	0
TIMM44	0	1.06097892805825	0
C14orf132	0	1.24010303680094	0
ODAM	0	2.249362826487	0
LVCAT1	0	2.01460135554949	0
COL12A1	0	1.2637553854308	0
FOXRED2	0	1.09309354893074	0
EPHX1	0	1.2284846083425	0
MIR3188	0	1.08290771797748	0
KRT86	0	1.09829919654459	0
WIF1	0	1.99489238967277	0
EFR3B	0	1.304078425233	0
TMEM63B	0	1.64741463831531	0
SLC7A5P2	0	1.10119087876996	0
LIPE	0	2.05233924958241	0
KANK4	0	1.93213079001799	0
OLIG1	0	2.18006823030263	0
SLC25A42	0	1.28802896288098	0
MBNL1	0	1.08123105505443	0
DRAM1	0	1.08594852942694	0
LOC101927543	0	2.49050565105203	0
MAPT	0	1.34816368479781	0
KIAA1875	0	1.28541806758868	0
MCF2L-AS1	0	1.29640435135495	0
ARMCX1	0	1.21319504458521	0
ZNF566	0	1.71715002688767	0
PARD6A	0	1.43531510942971	0
FLT4	0	1.98034686309581	0
LINC00578	0	1.08179902575014	0
GUSBP11	0	1.16709617958271	0
PRRT2	0	1.55235193103006	0
RTN4RL2	0	1.10288917908586	0
SULT1C2	0	1.48924352142836	0
FRMD4A	0	1.4023456521372	0
IGFLR1	0	1.11844492344632	0
SESN2	0	1.0620717458305	0
LRP2	0	1.68765699074782	0
TLR8-AS1	0	1.23385529351659	0
LINC00982	0	1.38558355135449	0
GUCY1B2	0	1.49681936614098	0
AKAP7	0	1.20038263743648	0
LOC442497	0	2.17215645207809	0
DAND5	0	2.4840755877565	0
ST7-AS2	0	1.1511610965597	0
LOC81691	0	1.31928591633304	0
GPM6B	0	1.26974055605751	0
BMF	0	1.1138512740701	0
PLEKHM3	0	1.00271662465477	0
SLC4A5	0	1.49684990696129	0
ZNF692	0	1.08915777820624	0
SMYD4	0	1.03457139445074	0
LOC729218	0	1.07866686476873	0
RNVU1-19	0	1.3524123745707	0
MIR3189	0	1.31736461192392	0
SHISA4	0	1.15459930746386	0
GRK5	0	1.62007400194272	0
TMEM150A	0	1.2538612664827	0
SLC5A2	0	1.25825483938919	0
SH3BP5	0	1.0637551883184	0
CAPRIN2	0	1.08342394778471	0
MGRN1	0	1.35334700961487	0
ATAD3C	0	1.0368254966177	0
INPP5J	0	1.00486786940374	0
ANKRD44	0	1.40758657372481	0
IFIT1	0	1.04224064484357	0
UST	0	1.07307137999203	0
LINC00261	0	1.13103088815324	0
PTP4A3	0	1.2524339480669	0
GPC5	0	1.52548074259317	0
TET1	0	1.28428293304938	0
LINC01132	0	1.63241190111781	0
WASF3	0	1.76084936570597	0
DLG2	0	1.09412289021726	0
CHRNB1	0	1.00688399749782	0
PXDC1	0	1.13844955248264	0
S100PBP	0	1.06388847595411	0
QKI	0	1.1314287056903	0
DMTF1	0	1.24620456307498	0
BMS1P21	0	1.32766079066098	0
PTX3	0	1.10382992169652	0
PLCG1-AS1	0	1.16027135369381	0
MID1IP1	0	1.28783273022941	0
PPDPF	0	1.09133109163432	0
THBS4	0	1.60412612929842	0
HEXIM1	0	1.11799672834392	0
FOXP4	0	1.01598417266527	0
LACAT8	0	1.39381833864532	0
CACNB1	0	1.22056380535427	0
NBPF25P	0	1.06550354553228	0
SMPDL3B	0	1.07907779593318	0
DANT2	0	1.38414558140155	0
FAM49A	0	1.04172286654577	0
ATOH8	0	1.69889723765385	0
NAGS	0	1.19363377152786	0
TNIP3	0	1.56267213151161	0
GBAP1	0	1.89922503095461	0
MBNL1-AS1	0	1.81193302600655	0
FAM13A-AS1	0	1.17879777329165	0
SMG1	0	1.35103997429799	0
STK31	0	1.02033134895438	0
NRGN	0	1.5941842715484	0
CLCN7	0	1.01888943251753	0
FCGR1B	0	1.35730145326421	0
LOC100505921	0	1.39916138072495	0
BHMT2	0	1.14467043247038	0
CTF1	0	1.0951291309453	0
HLA-DRB6	0	2.15726365314755	0
EIF5AL1	0	1.18142278103039	0
HEYL	0	1.56475304938879	0
F2RL3	0	1.94202459100881	0
RNVU1-14	0	1.15720086423488	0
KSR2	0	1.30345012248866	0
JUN	0	1.46148321271731	0
NPIPB15	0	1.33250106092395	0
CNTROB	0	1.11634037068349	0
TFAP2E	0	1.17330667424165	0
SMC1B	0	1.25704590748052	0
CDCA7	0	1.02111811314873	0
FMO4	0	1.21843584020411	0
ESRP2	0	1.03103358673416	0
EVPLL	0	1.54493843194038	0
ZDHHC15	0	1.44048978411324	0
SMAD9	0	1.26297565353849	0
DLX4	0	1.06251723745278	0
MMP17	0	1.68317668406758	0
ZNF10	0	1.14738095592593	0
PDE4A	0	1.16573182813428	0
PDK2	0	1.00230574330055	0
KDM4A-AS1	0	1.08417618681552	0
CEP85	0	1.08106387841048	0
RPS16P5	0	1.80034310424334	0
PRKAG2-AS1	0	1.14122651426624	0
ZNF275	0	1.07319649285458	0
CCNK	0	1.00354258247847	0
RRBP1	0	1.36158653419131	0
GPRIN2	0	1.55647740681525	0
ZNF441	0	1.08094642302719	0
LOC100288748	0	1.49682378467481	0
IER2	0	1.00481248255601	0
SOCS7	0	1.23584842075132	0
LOC101929340	0	1.29780109434763	0
NR4A3	0	1.19821435309594	0
SRCAP	0	1.22845932232814	0
SLC26A9	0	1.09603189066316	0
LAMA5	0	1.00725037474058	0
RGN	0	1.01559567786236	0
CAMKK1	0	1.73616769859656	0
FGF18	0	1.06235202897612	0
OSR1	0	1.48263503784358	0
ADGRA2	0	1.49708338419678	0
NLGN2	0	1.34781381205254	0
LOC221946	0	1.10007364488494	0
SLFNL1-AS1	0	1.16967983032693	0
SERPINI1	0	1.1565908305569	0
EMP2	0	1.42824571491317	0
MIR16-2	0	1.03306619956503	0
RPH3AL	0	1.13498689201032	0
CNGB1	0	1.18569524943555	0
CCDC85C	0	1.24187982363534	0
RAB3A	0	1.26960983527074	0
CROCCP3	0	1.22256242535919	0
THSD7A	0	1.41445321282499	0
LGR6	0	1.03613864414328	0
MIR29C	0	1.24762577357348	0
THUMPD3-AS1	0	1.25340531922931	0
ABCC4	0	1.23684720840669	0
ITPR1	0	1.09400378206668	0
WNK1	0	1.20906503808403	0
PMVK	0	1.14682092641159	0
FLJ23867	0	1.50500096930299	0
EGF	0	1.05335279816702	0
GIGYF1	0	1.02214789668691	0
QRICH2	0	1.32176139385597	0
MAST1	0	1.37743938587954	0
CHDH	0	1.08773444930448	0
INTS6	0	1.03996390433935	0
ANKS3	0	1.16263647904014	0
PYGO1	0	1.22979598636599	0
ZNF708	0	1.19935040113654	0
EBF4	0	1.25165484241163	0
CEP192	0	1.29381541231041	0
FOXN3-AS1	0	1.03503313819981	0
ZNF815P	0	1.11996411824964	0
CLEC19A	0	1.4074849165623	0
GPRC5D	0	1.37680081418329	0
TPRN	0	1.01143435133288	0
RAD52	0	1.15754371413581	0
ST7-AS1	0	1.57135504118915	0
LAMP1	0	1.00136876201515	0
SSC4D	0	1.22488761126846	0
IL34	0	1.53790439311642	0
DOK1	0	1.17840019723636	0
ZNF646	0	1.03743948580185	0
GPAM	0	1.22679710053527	0
FERMT3	0	1.03675181243242	0
BTBD19	0	1.3926813990936	0
ZNF493	0	1.29897717355167	0
ZNF689	0	1.00266435959231	0
KLF3-AS1	0	1.03967843526642	0
GABBR1	0	1.65701986447875	0
NRSN2-AS1	0	1.01809483958373	0
KRBA2	0	1.17244773553699	0
MESP2	0	1.19316137765564	0
LOC100506730	0	1.36005260049482	0
ZNF709	0	1.04686582814434	0
ZNF23	0	1.36607900655386	0
PAN2	0	1.21903689454229	0
LOC100131289	0	1.11295441190367	0
ZSCAN30	0	1.15566072530353	0
ZNF764	0	1.375862730377	0
GATSL3	0	1.10003414456907	0
SNORD63	0	1.09062653454597	0
POU6F2	0	1.86743007392448	0
ATP8B5P	0	1.58134813362903	0
ZNF785	0	1.44628495897296	0
NPHP3	0	1.02511357650143	0
ATP8B2	0	1.40958420504755	0
LIME1	0	1.50033709160109	0
SRRM2	0	1.50097806007477	0
HCG26	0	1.05404891470538	0
LGALSL	0	1.02061734963215	0
PRR14	0	1.14735468981718	0
FMNL3	0	1.45154431258542	0
GLTSCR1	0	1.04718111529717	0
RARRES2	0	1.98967906102138	0
LOC100049716	0	1.26933737299615	0
EVC	0	1.17425609003464	0
PHKA2	0	1.28715205685178	0
NOP9	0	1.10445685396651	0
GEMIN4	0	1.51593764205634	0
CUL9	0	1.05389340850349	0
PQLC2L	0	1.06175699402661	0
ZNF684	0	1.3656503065909	0
NFYC-AS1	0	1.01745487241946	0
SMCR5	0	1.18612349201995	0
LOC102724814	0	1.47590036326813	0
BRD2	0	1.02892066561168	0
SND1-IT1	0	1.06722596607692	0
PRMT5-AS1	0	1.07263353923416	0
HEY1	0	1.37738409798482	0
COL4A2	0	1.51580722677439	0
PAGR1	0	1.02360572449483	0
HTATSF1P2	0	1.15276257919753	0
FAM193B	0	1.06733718634694	0
CELSR2	0	1.1283449054082	0
BOK	0	1.04744769761396	0
SYT7	0	1.13960072626743	0
ARHGEF10	0	1.0107597486727	0
ATXN1L	0	1.0712082811686	0
KIAA0922	0	1.02763554141653	0
CCT6P1	0	1.03464740585275	0
STK35	0	1.16450350829539	0
ZNF397	0	1.26092444397674	0
RSRP1	0	1.18041841576691	0
CD55	0	1.05058859836311	0
HIC2	0	1.44407246917084	0
HOXC9	0	1.64673930197056	0
GCSHP3	0	1.22280371390637	0
PRNCR1	0	1.23198463323713	0
SEZ6L2	0	1.04588542478711	0
ECM1	0	1.1547674275384	0
RNF5	0	1.02084844908888	0
C19orf44	0	1.01285650090788	0
PTPN21	0	1.16091448290944	0
HNRNPU-AS1	0	1.27442258461548	0
CSNK2A2	0	1.10907653575424	0
SYNGR3	0	1.16062072422593	0
BRD1	0	1.24268124053404	0
RPL13P5	0	1.31074751699253	0
KIAA1804	0	1.4251356901673	0
RXRB	0	1.05032667725576	0
ATF7IP2	0	1.00543693182141	0
TP53BP2	0	1.1516019142503	0
TTC6	0	1.01690459335617	0
SMCR8	0	1.45359007275365	0
TTC38	0	1.0707922098156	0
ERVMER34-1	0	1.0839757479951	0
DEXI	0	1.00732413810319	0
TOMM40L	0	1.32911051669402	0
CLUH	0	1.09923488878545	0
DFNB59	0	1.11296389062209	0
TNFSF12	0	1.0406048745637	0
MRPL14	0	1.04203299146161	0
SMARCD1	0	1.04066418814411	0
FAAP20	0	1.04384693385648	0
RHOBTB2	0	1.05149556406851	0
SPAG9	0	1.07844885222304	0
MALAT1	0	1.19862614014201	0
NFATC2IP	0	1.05318150660445	0
SLC2A4RG	0	1.1206688107337	0
CEBPD	0	1.04955142945426	0
SERINC4	0	1.13332037358611	0
DGKQ	0	1.01248771850492	0
MIR3654	0	1.01739004834445	0
CHL1	0	0	3.17471936154744
TFF3	0	0	2.82706138863256
DMKN	0	0	1.72633068605983
VIM	0	0	1.61554088770195
IQGAP2	0	0	3.02081886174568
RRAD	0	0	2.2336853898236
LOC100506844	0	0	2.28268952025512
C5orf49	0	0	3.31529732505474
TNC	0	0	3.09723771719256
FOXJ1	0	0	2.37695466409672
SLC27A2	0	0	2.23320957239895
MUC5B	0	0	4.57149417507391
DTX3	0	0	2.71933725020431
TEX9	0	0	2.48061159781294
IGFBP5	0	0	2.48823415639643
ABCA13	0	0	2.40665344702538
METTL7A	0	0	1.99989233173053
WDR86-AS1	0	0	3.17637208686839
CTGF	0	0	1.75003693818377
TUBA1A	0	0	2.78104512443441
SPAG6	0	0	2.88355119336888
CRLF1	0	0	3.24079097004696
GGT5	0	0	3.3464978761047
DNAH2	0	0	1.7987769349708
EMB	0	0	1.06588730594469
LDHB	0	0	1.52228251597746
TSHZ2	0	0	2.05563363579557
RASD1	0	0	2.22951797193596
CCDC181	0	0	2.90641404531531
PIFO	0	0	3.126420591721
PKIG	0	0	2.07865560169148
SOX2	0	0	1.93427754638565
STEAP3	0	0	1.38633347539464
CCDC65	0	0	2.88937469135906
MNS1	0	0	2.92903692828759
PRR29	0	0	2.85917581264922
APBB1	0	0	1.73316071349802
MAP6	0	0	2.54715880613089
EP300-AS1	0	0	2.11645694231756
DNAJB13	0	0	2.77890333942708
COL21A1	0	0	2.19464314792529
STK33	0	0	2.26652225624304
CAMK1D	0	0	1.41562555392973
MB	0	0	3.19979823473958
CAPS	0	0	2.99446541388915
LCA5	0	0	1.90456061637905
FAM229B	0	0	2.76076990950504
ETV1	0	0	2.09975912058883
TNFAIP8L1	0	0	2.97409608623199
ANKRD36C	0	0	1.24886207546137
SYNE1	0	0	1.09076923942096
SPEF2	0	0	2.45864602661915
MGP	0	0	3.78649814834146
WDR54	0	0	2.23280190121321
LBH	0	0	1.11868576081224
SPATA18	0	0	2.14228726535949
GALNT6	0	0	1.85910393258482
RGCC	0	0	1.69077849581533
DNALI1	0	0	2.6172991963211
SNHG18	0	0	1.3751374930665
ARSE	0	0	2.22195187830933
CFAP221	0	0	1.62055164194528
SIX1	0	0	1.91083903075994
GLIS3	0	0	1.59684426190828
GIPR	0	0	3.01317723248135
ICA1L	0	0	2.27815837153318
LOC100506990	0	0	2.22648629623438
CEP126	0	0	2.24036984228386
GSTA1	0	0	2.7167095441255
DYNC2H1	0	0	1.94914197787778
BICC1	0	0	1.69619945984346
CCDC80	0	0	2.45492080598816
RFX2	0	0	1.83781622162817
HACD4	0	0	2.11985641304626
FAM27B	0	0	2.14837593377886
ID2	0	0	1.08375869958678
ALDH1A1	0	0	1.17308926970028
CYB5D1	0	0	1.46692184425299
DNAH11	0	0	1.96321481512972
TUSC3	0	0	1.31452308543162
DUSP6	0	0	1.67538760176254
OSBPL6	0	0	2.29194570914267
PALMD	0	0	2.70532809944931
TCTN2	0	0	1.94825928375029
MARCH9	0	0	2.38380700066492
KLF2	0	0	1.83847086527178
LOC101928093	0	0	1.50866798369936
CCDC176	0	0	2.19552777697827
ELN	0	0	2.1369242781719
CCDC113	0	0	2.63615045028634
WFDC21P	0	0	2.64561325409803
MIR99AHG	0	0	2.27192799031035
C21orf58	0	0	2.50201678210302
FAM227A	0	0	2.420047949255
SPRY4	0	0	1.55411705968815
VCAN	0	0	2.32410372682871
VIM-AS1	0	0	2.60410009816835
WFDC6	0	0	2.35974029908634
STRA6	0	0	2.50554217419519
ERICH2	0	0	1.51449862722611
CYP27A1	0	0	1.49403463609111
AGR3	0	0	1.08208134239754
UCKL1-AS1	0	0	2.67985358525115
PRODH	0	0	2.24199154709532
DGCR6	0	0	1.15855258315248
PCSK1N	0	0	2.31357947694652
TPPP3	0	0	2.9506145477196
ABCA5	0	0	1.96586197912857
PLEKHA5	0	0	1.60421479810842
C4orf47	0	0	2.26956890609183
FOXP2	0	0	1.70749670045358
SDC2	0	0	2.11333837021411
PPP1R1B	0	0	1.61899725616484
NCALD	0	0	1.27988485254046
B9D1	0	0	2.46568308036876
FAM65B	0	0	2.57637952179558
RAB36	0	0	2.23278094769879
WLS	0	0	1.04971496251188
ITGB3	0	0	3.77116877103322
LRIG3	0	0	2.71511439239314
ST8SIA4	0	0	1.46000775569725
ILF3-AS1	0	0	1.56255762494365
FILIP1	0	0	1.43618180317053
CCDC40	0	0	2.27041179819215
FMO5	0	0	1.27942134631928
EREG	0	0	1.43966046440427
CHST6	0	0	2.27072387558842
CDKN2B	0	0	1.75770548588295
NR2F1	0	0	2.4610302707516
PLEKHB1	0	0	1.64162828419582
KCTD12	0	0	1.29377064826951
C10orf95	0	0	1.70159693258639
LUCAT1	0	0	2.06169919102237
PAIP2B	0	0	1.33205058584957
FAM161A	0	0	1.67828186674864
PCSK5	0	0	1.75855286428636
C11orf96	0	0	1.84964810218082
KIAA1407	0	0	1.99200966755462
KIAA1211L	0	0	1.84429092474246
IFT88	0	0	1.69519508800569
TNFRSF19	0	0	1.55928373287031
TSGA10	0	0	1.99322789467113
LINC00342	0	0	1.89280789445971
CYP24A1	0	0	2.90885072350296
CX3CL1	0	0	1.3368602808783
PTN	0	0	1.82323239280797
WDR86	0	0	1.98546874618825
LRRC49	0	0	2.13861645761714
KCNJ2	0	0	1.4389328797533
SDK1	0	0	1.47448437094166
C21orf2	0	0	1.53805196639482
IFT46	0	0	1.65368342203426
NPHP1	0	0	2.07264963232873
CFAP70	0	0	1.76699694262814
TNIK	0	0	1.87374913766167
PIM2	0	0	1.13149013527984
CC2D2A	0	0	2.3006845691753
GOLGA2P5	0	0	1.36121965508945
IER3	0	0	1.20209122456495
CDC14A	0	0	2.25835854736138
SLC4A8	0	0	2.17737896353537
C9orf9	0	0	2.49863497929796
CREB5	0	0	1.97724206790006
MAPRE3	0	0	1.54613295393839
LOC146880	0	0	1.42993601581676
PGM2L1	0	0	1.66536911406481
CERS4	0	0	1.01949562919538
PPIL6	0	0	2.89335505443864
ENO2	0	0	1.2058465132185
DNAH5	0	0	1.73971245113569
TRPV4	0	0	1.71358825454084
RABL2A	0	0	2.08239923153657
PRUNE2	0	0	2.33380956640943
USP2	0	0	2.40466727901191
DEGS2	0	0	1.61224603424744
CFAP44	0	0	1.99941991643331
SHISA2	0	0	1.14444507529338
IQCG	0	0	2.27655212748666
IQCD	0	0	2.22943629160471
CERKL	0	0	1.68402487878984
PAQR5	0	0	1.53740920408856
NUCB2	0	0	1.54108860645943
PROX1	0	0	2.77561337869637
SLC7A2	0	0	1.76546653317362
WDR19	0	0	1.90025242563938
EFEMP1	0	0	1.00110648158397
NAT14	0	0	1.60802052900787
STX2	0	0	1.84947227736985
ZFHX2	0	0	1.84586078024819
CCDC157	0	0	1.87377531985827
DUSP4	0	0	1.56801573445538
NOVA1	0	0	1.25732912776689
RAP1GAP	0	0	1.28380114621254
DIXDC1	0	0	1.80360208733412
APBA2	0	0	2.93165057252918
IFT122	0	0	1.37102136980778
ACYP1	0	0	1.32500478230406
BCL11A	0	0	1.19233666497354
CLDN10	0	0	2.67027097414988
CFAP69	0	0	1.92175067596661
AMIGO2	0	0	1.61247036505427
TMEM67	0	0	1.64484880204612
TTC21A	0	0	1.52067752454052
PHGDH	0	0	1.63459704905607
EPHA4	0	0	1.39634732515235
SERTAD4-AS1	0	0	1.23436363177253
FBXO36	0	0	1.92681512470978
SPAG1	0	0	1.67090142928367
FOS	0	0	1.00302537576747
C16orf54	0	0	2.03292667389023
ANOS1	0	0	1.70111969605635
HIPK1	0	0	1.42341926354322
PLCB4	0	0	1.46074309594138
PLXNB1	0	0	1.63262121692346
PHTF1	0	0	1.30943770955827
LOC100129940	0	0	2.35736052729201
EFHC1	0	0	2.12112968718086
REC8	0	0	1.30108871387578
GUCY1A3	0	0	1.19533916794573
CXCL8	0	0	1.65328509415163
ORAI2	0	0	1.4950566718771
MOK	0	0	1.42756591937811
BMP3	0	0	1.2113478796553
VNN2	0	0	2.07646655283661
LOC284454	0	0	1.37791201037078
ETV4	0	0	1.60901728400138
HMGN5	0	0	1.57153927999276
RNA45S5	0	0	1.38133728610797
DOCK4	0	0	1.42114303585395
DZIP1	0	0	2.35275028456914
IL6	0	0	2.20662371981344
TIMP3	0	0	1.25962082815643
HMGA2	0	0	1.88871560359901
CEP83	0	0	1.37056962740479
SSBP4	0	0	2.0168452716653
COL8A1	0	0	1.57329127967418
CHI3L1	0	0	2.23373568067224
ASRGL1	0	0	1.11039584185586
LOC100507250	0	0	2.04239611874944
C19orf35	0	0	1.57462789433992
FANK1	0	0	2.9127377908775
ANKMY1	0	0	1.7876124286937
AGR2	0	0	1.21372956835035
BASP1	0	0	1.57659313219105
XIST	0	0	1.15372036990924
ZNF440	0	0	1.55152487905149
BDH2	0	0	1.07564309008552
MAF	0	0	1.32975563649395
SATB1	0	0	1.54540462268831
CH25H	0	0	1.6726460722408
TBX15	0	0	2.73787960836719
TCTN1	0	0	1.75888584495992
APCDD1	0	0	1.71291283010568
ITGA4	0	0	2.53833229382159
ARMC9	0	0	1.09734396210265
FUZ	0	0	1.78237994805095
RGS17	0	0	2.03261228555397
STK32A	0	0	1.39484111780957
DENND6B	0	0	1.69019958162615
FAM221A	0	0	1.4603294970896
KCTD1	0	0	1.16460898243498
ULK4	0	0	1.66939782677194
PDE6B	0	0	1.49793051659383
RIC3	0	0	1.69929408520747
DYX1C1	0	0	1.90116215175283
ZNF703	0	0	1.30059481530285
MDM1	0	0	1.51520315580235
CDH26	0	0	1.68494922171673
MZF1	0	0	1.33880400139466
GLB1L3	0	0	1.11969361610307
IQCA1	0	0	1.37133914340322
PTGER2	0	0	2.23840500328031
GADD45G	0	0	1.02576315400553
SLFN13	0	0	1.43963471214514
SIX2	0	0	1.95299461999018
ARHGAP39	0	0	1.3507018197277
GLB1L	0	0	1.50733173930167
ANTXR1	0	0	1.5608462346002
MPDZ	0	0	1.29139882059344
FOXC1	0	0	1.29752425834123
ABCA4	0	0	1.95123301848468
LRRC56	0	0	1.94049856532678
KIAA0825	0	0	1.33148659970066
HSD17B2	0	0	1.82576612767337
SNCAIP	0	0	1.43126894901571
CDR1	0	0	1.49141180107027
TTC26	0	0	1.14779293239594
SMPD3	0	0	1.28008366399922
FBXW9	0	0	1.56552849448685
CDC25B	0	0	1.30882409222315
LXN	0	0	2.22321786743966
CASC2	0	0	1.6391881616516
OSCP1	0	0	2.31931770656781
SCAMP4	0	0	1.06984898512584
C16orf93	0	0	1.96160668553391
AKNA	0	0	1.79412333627989
BZRAP1	0	0	1.89081252546939
BHLHE41	0	0	1.61584081755465
C5orf45	0	0	1.0009369908795
CYSLTR1	0	0	1.91380971620455
C2CD4A	0	0	1.53395408614199
DMD	0	0	1.63171841161588
MZF1-AS1	0	0	1.72888128338937
SAMHD1	0	0	1.08116431129557
CDH11	0	0	1.41897291123202
ARL4A	0	0	1.62963987715988
LY6G5C	0	0	1.72530645702429
SLC10A1	0	0	1.22175632750954
NBEA	0	0	1.48231082545042
ANKRD18A	0	0	1.4223612753921
PLEKHG7	0	0	2.03475795369475
C11orf74	0	0	2.12275572519571
ERN1	0	0	1.02008946600286
DUOX1	0	0	1.45839036900338
BBS9	0	0	1.21147086427246
NLRC3	0	0	1.45257926273934
SEC14L4	0	0	1.59190077480429
PWARSN	0	0	1.57913765032184
RPGR	0	0	1.35810469905365
BBS5	0	0	1.48957414423942
C11orf63	0	0	1.40272955260351
CRTC1	0	0	1.25098975447923
LRGUK	0	0	2.01665223879625
ARL6	0	0	1.77199153895501
WRAP53	0	0	1.44463428844232
TTC23L	0	0	1.80988117366948
ACAP1	0	0	1.04468547934018
CNTRL	0	0	1.54892902738939
DCDC2	0	0	1.94393625924533
SPON2	0	0	1.6951320333422
NEK11	0	0	1.60551852869229
PECAM1	0	0	2.15416731977023
PRRX2	0	0	1.64976320639792
SLC26A2	0	0	2.15168213188567
PARD6G-AS1	0	0	1.52323910636894
MAFB	0	0	1.68871584025606
MAP9	0	0	1.20457195545664
RHPN1	0	0	1.12744376410101
AKAP6	0	0	1.81966216386158
CYP1B1	0	0	1.82106226943446
CCDC34	0	0	1.02248872619614
PRR7	0	0	1.18952146757292
ABHD6	0	0	1.61864278220504
ZNF331	0	0	1.62186529089388
THRA	0	0	1.1932526197302
CLDN10-AS1	0	0	1.65497662585173
AZIN2	0	0	1.91446493833454
CAPS2	0	0	1.41918494811825
KIF9	0	0	2.10815559827011
STK36	0	0	1.68585870688578
LPIN1	0	0	1.30152368330935
NIPBL-AS1	0	0	1.54844022097624
ABCC9	0	0	1.87771585170272
CFAP36	0	0	1.50216579569019
CEP97	0	0	1.27122405576921
C16orf46	0	0	1.87560357468405
KREMEN1	0	0	1.2185906149297
MMP13	0	0	2.57320338434996
TRIP13	0	0	2.12408891388714
CAPN13	0	0	1.70455649943662
BCAS3	0	0	1.1469111926697
TTLL7	0	0	1.52393096093559
LPAR3	0	0	1.13252762849004
SPATA33	0	0	1.59522380396463
ATP10A	0	0	1.34313402378995
ABCC6P2	0	0	1.70505752335584
ZNF473	0	0	1.31763983442405
LOC100288798	0	0	1.25298418734032
ARHGAP18	0	0	1.94570046860548
KIF27	0	0	1.50601413591787
ENKD1	0	0	1.77024366554585
TMEM246	0	0	1.19784774361002
OXCT1	0	0	1.28615295956751
CSF1	0	0	1.54908159087012
C9orf116	0	0	3.04001489769444
MAPK8IP1	0	0	1.77717650892949
CRNDE	0	0	1.02717138191743
NPIPB6	0	0	1.16791388553433
LOC100288152	0	0	1.56564094554866
LOC730202	0	0	1.68822971321903
LRRC23	0	0	2.33348080257233
LTBP2	0	0	2.28767009380213
TRPC6	0	0	2.19793069263308
CRIP1	0	0	1.08475666423853
SHROOM4	0	0	1.21515416701668
ZNF487	0	0	1.14402024748481
LINC01550	0	0	1.26949180854549
LRRC8B	0	0	1.00914904604711
ZMAT1	0	0	1.05007071793937
ANKDD1B	0	0	1.18805864261365
SOBP	0	0	2.50447621611125
KHSRP	0	0	1.02983369386651
FBXL13	0	0	1.3966452481042
GLIDR	0	0	1.01193119329641
SOX5	0	0	1.89242079067582
CEMIP	0	0	1.57065296057362
SLFN11	0	0	1.74548462089544
SERPINA3	0	0	2.21291103242429
UBXN11	0	0	1.76969865692534
LOC642852	0	0	1.51066908453944
CAP2	0	0	1.40655290711553
LZTFL1	0	0	1.43912281323173
ACVR1B	0	0	1.3811667688875
MAOB	0	0	2.19184445027765
TOX	0	0	1.31616141770322
LOC101927318	0	0	1.3312714506744
C9orf72	0	0	1.22238226038435
XRCC6BP1	0	0	1.65429929068939
GNA14	0	0	1.02774418925219
TMEM150C	0	0	1.61568526651532
DNHD1	0	0	1.55274171614162
TMEM61	0	0	1.23490895551573
ALMS1	0	0	1.06700301703686
FCGR2A	0	0	1.32728279000538
LRRC37BP1	0	0	1.11810065932715
PCDH20	0	0	1.24262498673929
UBE3D	0	0	1.50297277062637
ADAM12	0	0	1.74125715817321
AK9	0	0	1.8663871638737
SIX4	0	0	1.12250821076738
LOC648987	0	0	1.64987771909565
FZD8	0	0	1.09590564603935
ALPK3	0	0	1.42057669634832
SMIM6	0	0	1.45993004349558
DNAL1	0	0	1.4690241886773
MAK	0	0	1.49343952490796
CXXC4	0	0	1.00636493656399
C15orf65	0	0	1.36209987754112
LARP6	0	0	1.37408166761004
KRTAP3-1	0	0	2.68047542199142
MYLK	0	0	1.34187609141641
CHAC1	0	0	1.25562423116218
CSPP1	0	0	1.45552557914448
CHN2	0	0	1.704891804297
SLC1A4	0	0	1.6096981864137
IRAK1BP1	0	0	1.3398559712812
TSPAN1	0	0	1.15283260141763
C14orf79	0	0	1.18863945120211
MUC16	0	0	1.37713115869526
PDGFRL	0	0	1.36992056840597
IFT74	0	0	1.54895829620282
PLIN5	0	0	1.43302228744227
SHE	0	0	1.27641530009027
BMPR1B	0	0	1.63315408146064
CXCL12	0	0	2.07729273885946
SLIT2	0	0	1.42322338702774
SLC22A23	0	0	1.22435343466494
OLMALINC	0	0	1.03117664754223
TMEM5	0	0	1.13882865846238
CLGN	0	0	1.69634677813036
KIF24	0	0	1.11571553698379
GAS7	0	0	2.25357221073001
LOC153684	0	0	1.40876684017141
HHATL	0	0	2.639892161061
HHIP-AS1	0	0	2.13570700653146
NME7	0	0	1.28234912575258
NEK1	0	0	1.22402303720564
LOC105747689	0	0	1.19736575712298
ZC2HC1C	0	0	1.45273446693747
CEP162	0	0	1.40941408340389
HS3ST1	0	0	1.74092718800289
EEF1DP3	0	0	1.58474161683236
LCA5L	0	0	1.56048238219549
CCDC138	0	0	1.14515095120519
GOLGA8B	0	0	1.39788988295796
FAM86B1	0	0	1.21950285154832
SPTLC3	0	0	1.48445849673968
CDKL1	0	0	1.00737218296715
SPA17	0	0	2.31825038980535
PODN	0	0	1.9614014399672
MAFG-AS1	0	0	1.3385491002141
USP51	0	0	1.85929754898695
HCG14	0	0	1.31904124721802
NR1D1	0	0	1.06952966579516
GPC4	0	0	1.05047570142131
RYR3	0	0	2.11904854544345
POU2F2	0	0	1.27990582423969
SLC6A20	0	0	1.23129248497785
KIAA0319	0	0	1.37691367936998
WDPCP	0	0	1.14048020679893
LOC101927630	0	0	1.05234086710188
PTPRG	0	0	1.3519563445901
IFT81	0	0	1.16257907396846
CROCC	0	0	1.02324371747396
MYB	0	0	1.64634407117719
NNMT	0	0	1.79067091842554
MORN1	0	0	1.69213809758811
RASSF10	0	0	1.28160416275577
LOX	0	0	1.91621941474719
IGFBP2	0	0	1.63943185781189
VSTM2L	0	0	1.87455375076242
SLCO2A1	0	0	1.86731562771927
DFNB31	0	0	1.42354617344153
HLF	0	0	1.35385266664603
ARX	0	0	1.02207179401272
REM2	0	0	1.48586720141706
COL1A1	0	0	3.08298132271652
LOC101060498	0	0	1.5252080056319
SLC51B	0	0	2.12924573988252
COL4A5	0	0	1.26216302927222
PTGER4	0	0	1.04893589040316
ST6GALNAC6	0	0	1.17903941296981
ADAT3	0	0	1.13164468836651
SPATA7	0	0	1.12342514677828
LINC00997	0	0	1.39905452036292
FSIP1	0	0	2.04071679510964
LPPR3	0	0	1.0840058265096
PIP	0	0	1.94271327187905
KATNAL1	0	0	1.08951637271711
ACBD7	0	0	1.13852748641296
SHC2	0	0	1.94139408328576
IL20RA	0	0	1.1388017310839
FAM179B	0	0	1.08700895777946
SLC46A2	0	0	1.83525285380687
SNORA28	0	0	1.22985271308952
ANKRD26	0	0	1.07070112030282
TMEM59L	0	0	1.91439389475523
MRPS31	0	0	1.5146515880777
MATN2	0	0	1.22766192760041
LFNG	0	0	1.85936286380177
CLEC2D	0	0	1.95031055154954
WDR90	0	0	1.13008666204928
MSX1	0	0	1.19285382247927
ASTN2	0	0	1.60360620217338
ENG	0	0	1.31565810971814
PHC1	0	0	1.51778403972157
ASB14	0	0	1.37495470924055
ALPL	0	0	1.2931649481283
HP	0	0	2.98866535207181
NPAS3	0	0	1.40654326958382
MCTP1	0	0	1.26688213740437
DPYSL3	0	0	1.24175576407815
DNAJC12	0	0	1.41851916205634
SLC7A7	0	0	1.4889767047429
TGFB3	0	0	1.39615104978667
CEP19	0	0	1.54927118324859
KIF26B	0	0	1.92734435879454
IQCH	0	0	1.30824631464261
COQ10A	0	0	1.09387037900658
FBXL7	0	0	1.62874118517663
PRRT3	0	0	2.02405305182202
MLLT1	0	0	1.1084876762581
UNC119B	0	0	1.01206494099736
ST8SIA1	0	0	2.15113955442667
DSCAML1	0	0	1.64399790055111
MUC5AC	0	0	3.63382603477763
ERBB4	0	0	1.12814804250644
EPOR	0	0	1.82435471297339
ANKRD54	0	0	1.32246264932432
TNFRSF10C	0	0	1.35310471737527
TENM4	0	0	1.85424192806658
PCSK9	0	0	1.21028349467284
LIF	0	0	2.36044160191564
LINC00094	0	0	1.16743165151932
RIPK4	0	0	1.1941903389004
CEP290	0	0	1.05251962568766
CD14	0	0	1.38669756357331
LINC00271	0	0	1.6488679431971
TRPS1	0	0	1.63878487519572
GOLGA8A	0	0	1.55503087434539
SPDYA	0	0	1.12428119426144
SELPLG	0	0	1.41170927699382
DZIP3	0	0	1.37012854933461
GNA11	0	0	1.22633839754911
CENPBD1P1	0	0	1.15064411387493
PAPPA	0	0	1.2181277398445
RHEBL1	0	0	1.58462755409851
ADGRL2	0	0	1.63080128528161
C14orf142	0	0	1.89843294499016
FAM95C	0	0	1.09647123266392
SLIT1	0	0	1.6945483105001
NPM2	0	0	1.77882257867953
FZD4	0	0	1.76712498791304
CIRBP	0	0	1.20601621205268
SERPINA1	0	0	1.86225328964752
TLCD2	0	0	1.06658422339977
NCF2	0	0	1.47410677269913
CHST3	0	0	1.17812458350917
LRRC61	0	0	1.52935466960305
LRRN1	0	0	1.35939452946351
TTBK2	0	0	1.0913431341954
CLHC1	0	0	1.1441224886003
LINC01465	0	0	1.79366105336803
MEG3	0	0	2.34097148450169
EID2B	0	0	1.04193921545345
CYP2U1	0	0	1.18593415908265
CORO7	0	0	1.60775106144683
EXOC3-AS1	0	0	1.38001484555179
SPATA6	0	0	1.15705764219204
TMEM121	0	0	1.90370249995073
ACACB	0	0	1.62810681312029
LGALS2	0	0	1.02443859018207
FAXDC2	0	0	1.18443317019039
SOCS2	0	0	1.23692633924011
ZBED3	0	0	1.30184818819941
TOX2	0	0	1.29081662567724
RN7SL1	0	0	1.52414645476796
SLC2A12	0	0	1.71076768462035
ASIC1	0	0	1.70480412373854
KCNA3	0	0	1.6679303426019
SLC16A11	0	0	1.3221655941006
SLC2A3	0	0	2.07421438652315
COL28A1	0	0	1.09629157847782
RNF32	0	0	1.14840027853713
HSD11B1L	0	0	1.51277589199327
KIAA1841	0	0	1.25999046244648
TMEM107	0	0	1.67524830170312
TCTEX1D2	0	0	1.68222013771119
HIST1H2BG	0	0	1.45386498071508
IRAIN	0	0	1.84436573044023
PTPRD	0	0	1.4759735972628
SLC23A1	0	0	1.24220872798184
STMN3	0	0	1.71534095029909
PEX11G	0	0	1.1349754828467
CHSY1	0	0	1.34044654349741
HRK	0	0	1.32108846968119
C16orf45	0	0	1.47042108387061
CDK20	0	0	1.1082512040357
ZNF853	0	0	1.19894194701001
LOC728175	0	0	1.32574799639454
POMT2	0	0	1.23858726612512
PRKD1	0	0	1.15421190075652
MSI2	0	0	1.07071162559105
LOC101926935	0	0	1.2192855109682
RAD9A	0	0	1.27081403220923
DNAJC22	0	0	1.31967245977338
GUSBP3	0	0	1.19204145536066
PRR15	0	0	1.75717319980217
B4GALNT3	0	0	1.54593807765236
ADM2	0	0	1.22147231344149
DLL1	0	0	1.72850363885442
CLDN9	0	0	1.71116806949299
EYA1	0	0	1.3744166870924
BEND5	0	0	1.56323139064005
PLXNC1	0	0	1.01810095462252
TRIM3	0	0	1.04706696164392
SLC25A14	0	0	1.15548648915869
UCP2	0	0	1.64086128141837
KIF21A	0	0	1.23977012366368
LOC101927770	0	0	1.08652463751693
CEP41	0	0	1.13682657148136
OBSL1	0	0	1.00133100186868
DNAJC9-AS1	0	0	1.59439698262058
GUSBP9	0	0	1.2228354206435
SRCIN1	0	0	2.05255046095318
PLXDC1	0	0	1.54751826335587
SNORA80B	0	0	1.50875674549968
ICAM2	0	0	1.09512493370322
UPF1	0	0	1.23393987786808
DDIT4L	0	0	1.20146294771464
ADGRE5	0	0	1.02926766878445
LOXL1	0	0	1.30424603624509
FUT8-AS1	0	0	1.67181656447882
TMEM156	0	0	1.54476470271838
TMEM163	0	0	1.09821257559207
KIF3A	0	0	1.19878773429997
GEM	0	0	1.30486619345353
PCSK4	0	0	1.35003933403845
SLC1A1	0	0	1.00912926714824
ARVCF	0	0	1.56196548504545
C6orf99	0	0	1.2424366319784
NUDT14	0	0	1.26048230808435
IFT22	0	0	1.65487558682924
UBXN10	0	0	1.77083481725967
SNORA70G	0	0	1.26295681169299
NRXN3	0	0	1.43522791179961
CHRNA10	0	0	1.71957975089511
LOC729732	0	0	1.48692372436918
STXBP4	0	0	1.40696124365355
LINC01091	0	0	1.09245282392816
SYNPR-AS1	0	0	1.16151563159294
CES1P1	0	0	1.29561301005892
IKZF4	0	0	1.14637046886465
ECE1	0	0	1.16397450750713
CCDC88C	0	0	1.13182433901731
C8orf37-AS1	0	0	1.43721127397159
LSMEM1	0	0	1.24755501630522
SLC35B4	0	0	1.02744354928623
WDR35	0	0	1.03143186693517
FAM104B	0	0	1.61356499949025
ZNF497	0	0	1.37149508017352
SLC43A2	0	0	1.11476982366741
NFATC2	0	0	1.07706735192062
TIAM1	0	0	1.37372651961508
ZBED5-AS1	0	0	1.28465750734391
DCLK1	0	0	1.36753492441196
PPP1R26-AS1	0	0	1.00043987619944
LDHC	0	0	1.22716491583533
CNNM2	0	0	1.03336383428064
GSPT2	0	0	1.16743964679864
IGFBP7	0	0	1.8452465433976
MYOM2	0	0	1.18533584906247
GPR161	0	0	1.01275841808724
METTL12	0	0	1.11500341802933
KIAA0753	0	0	1.09902096639365
TPGS1	0	0	1.04251173288964
TGM2	0	0	1.11411978238939
ZDHHC1	0	0	1.54271223812679
DUSP18	0	0	1.27810903755097
ZNF334	0	0	1.19617561944906
JAZF1	0	0	1.01375683575949
OGFRL1	0	0	1.43526051815745
ADAL	0	0	1.1192685658249
FAM168A	0	0	1.04845183778895
MIDN	0	0	1.02057025791281
COCH	0	0	1.08004541016779
MSH3	0	0	1.34668793778994
GGT3P	0	0	1.26862712883493
IPW	0	0	1.02849238673493
LOC401052	0	0	1.26539501520227
DDX11	0	0	1.61079982846131
EIF3J-AS1	0	0	1.1179338407474
GALNT14	0	0	1.17011635374703
LOC283710	0	0	1.15096800730666
MIR425	0	0	1.02300350146453
SLC25A45	0	0	1.08042255342837
RBKS	0	0	1.03672539311463
TTC28	0	0	1.36197600195121
SH3BP5-AS1	0	0	1.06177366033743
C21orf91	0	0	1.04944040164673
BRE-AS1	0	0	1.75382467323453
MIPEPP3	0	0	1.59096257531577
LIMD2	0	0	1.06946937193751
LINC00888	0	0	1.01574269568564
CAMK1	0	0	1.00801231479139
LOC374443	0	0	1.60604700906465
MEGF11	0	0	1.14784537347305
DLGAP1-AS2	0	0	1.09258311087769
PRR34-AS1	0	0	1.04592721157994
CMTM3	0	0	1.01502466541695
GAD1	0	0	1.60463599416059
HSD17B13	0	0	1.45160187190164
SPATA24	0	0	1.30461700279988
SMOX	0	0	1.02321238568141
CATSPERG	0	0	1.10322642356411
CACNA1D	0	0	1.0713368651594
KLHDC7A	0	0	1.23271506874211
TRIB2	0	0	1.19098688606154
MIRLET7I	0	0	1.14752236583911
ADH1C	0	0	1.14133869076384
KCNN3	0	0	1.08721931973375
CCDC66	0	0	1.03880986240162
FKBP1B	0	0	1.03513806678273
LTK	0	0	1.30718159816912
RTN4R	0	0	1.38425183552989
UNK	0	0	1.00583144847315
ACYP2	0	0	1.0145251118439
LBHD1	0	0	1.14619121538278
GUCY1B3	0	0	1.20288593277223
STC2	0	0	1.11989972777114
B3GNT6	0	0	1.39690119651354
MYH11	0	0	1.36041280279182
FAM81A	0	0	1.05376760058272
IFT27	0	0	1.56550177479437
MAGI2	0	0	1.06984587572039
LOC100132356	0	0	1.1044763521773
FRS2	0	0	1.14747208600973
LOC113230	0	0	1.37109085779388
PAG1	0	0	1.06508332388523
TRDMT1	0	0	1.27153203223195
CALML4	0	0	1.96620872793566
ANGPT2	0	0	1.35501509761543
DPY19L1	0	0	1.01590272657962
FOCAD	0	0	1.17338100807247
INHBB	0	0	1.10998868312433
MAN1A1	0	0	1.05835465664315
PBX3	0	0	1.11880957135779
DPY19L2P2	0	0	1.25510084778338
LRP5L	0	0	1.75038853401834
MIA2	0	0	1.29103032411478
H2AFJ	0	0	1.27294508079586
FAM133CP	0	0	1.11987724391798
CHST15	0	0	1.00652335059589
SPINK5	0	0	1.06627049893399
RPGRIP1L	0	0	1.25109727233687
OTX1	0	0	1.31397209344378
GP6	0	0	2.0819494958911
RARA	0	0	1.03992981721145
KDM4B	0	0	1.21532174512989
SIPA1L2	0	0	1.34916298679424
DLL4	0	0	1.04050355299824
SAPCD1-AS1	0	0	1.01658302706998
AGAP4	0	0	1.17425082614027
NPIPB11	0	0	1.01124775857228
E2F8	0	0	1.07636039436802
LOC439994	0	0	1.09623802377104
RABL2B	0	0	1.35680984029902
PCNXL2	0	0	1.00623217362786
EFCAB2	0	0	1.68437763279544
NR4A2	0	0	1.06491181416737
ARHGAP26-IT1	0	0	1.41072961589299
LRRC4	0	0	1.08834340766768
IQCC	0	0	1.20893996574465
LOC102724927	0	0	1.19818161972906
CEP131	0	0	1.08992214093585
RGMB-AS1	0	0	1.193850280042
DUSP19	0	0	1.11547460116473
OCEL1	0	0	1.55499727932579
PPOX	0	0	1.2874264088206
SMPD2	0	0	1.47122357726395
PRKCE	0	0	1.02734494216672
ERICH5	0	0	1.24673578191495
INPP5E	0	0	1.05258267014758
URB1-AS1	0	0	1.06491776968039
LYZ	0	0	1.39998455010959
LRWD1	0	0	1.49168452649112
TCF7L1	0	0	1.16107130595456
SLC2A13	0	0	1.31400494279886
METTL1	0	0	1.20359447841973
CDKN2D	0	0	1.11209265231632
FAM83E	0	0	1.27731255537102
TTLL1	0	0	1.18283511325487
PCSK6	0	0	1.27285801147563
SYT12	0	0	1.3049887166441
EPG5	0	0	1.15269776283201
AGBL3	0	0	1.20931321656022
HMGN3	0	0	1.14012273308589
SLC13A4	0	0	1.43786833461324
WHAMMP2	0	0	1.03557223263951
AES	0	0	1.23358342896208
APP	0	0	2.09735521254686
ITGA9	0	0	1.07352636890384
RHOB	0	0	1.0087674343768
PRR36	0	0	1.12083490506199
ATP2A3	0	0	1.21519408428002
WDR60	0	0	1.32259698582809
IFITM2	0	0	1.08288279817906
SWSAP1	0	0	1.08312780717311
CENPM	0	0	1.24435169139463
HLA-J	0	0	1.46002846152321
HSPA1L	0	0	1.04339626373974
LOC100506639	0	0	1.1231394057613
TPM1	0	0	1.38752319598748
MCTP2	0	0	1.32258223438321
MPL	0	0	1.07990378132331
CEACAM1	0	0	1.04773980600525
MORN2	0	0	2.37074326932593
TBX19	0	0	1.1274156992662
FABP6	0	0	1.59839234406229
SLC35E3	0	0	1.11970238571542
SPATA6L	0	0	1.10240802882505
MED31	0	0	1.02076645192438
CACNB3	0	0	1.1178231467704
IQCK	0	0	1.14463849427796
MON2	0	0	1.65534896977086
P4HTM	0	0	1.2846924960499
GAS8	0	0	1.10998735881675
TIMP1	0	0	1.15659761261842
HSCB	0	0	1.11699603188247
C21orf59	0	0	1.55307176696692
TSC22D1	0	0	1.09654396265234
FAM174A	0	0	1.43243852142776
TSPAN31	0	0	1.75161659953125
GNS	0	0	1.09800029348244
ZC2HC1A	0	0	1.33190147518576
GPR132	0	0	1.67382213847809
PITPNM1	0	0	1.13055882519009
JUND	0	0	1.02570576315069
AUTS2	0	0	1.16658080098548
NUP107	0	0	1.34028653653128
SLC16A7	0	0	1.56203011301672
ODF2L	0	0	1.28940272619966
TRAF3IP1	0	0	1.73091337799772
CKB	0	0	1.30365340354338
HSPBP1	0	0	1.29275184469496
B9D2	0	0	1.35509353653405
OS9	0	0	2.15098181302092
RUVBL2	0	0	1.01970786658899
SLC12A2	0	0	1.1220799861465
TUBB4B	0	0	1.44684018354497
ERP27	0	0	1.38397591289565
IQCE	0	0	1.12869101874423
CCDC24	0	0	1.1714542858484
KLHDC9	0	0	1.08918145406593
ARL3	0	0	1.60585250333234
CBY1	0	0	1.02531451169124
BDH1	0	0	1.76144588653596
WRB	0	0	1.20349144985817
BBIP1	0	0	1.09428701363224
SPAG16	0	0	1.26097817189174
CALM1	0	0	1.11015935703264
CH17-340M24.3	0	0	1.32175110383416
DNAL4	0	0	1.16140199407861
IK	0	0	1.09976359636949
DPCD	0	0	1.54376423784919
ODF3B	0	0	1.96185303743574
LOC105377348	0	0	1.02007398769884
CLUAP1	0	0	1.20804066497027
LRFN3	0	0	1.44738475659623
SLC11A1	0	0	1.4341739945642
LRTOMT	0	0	1.68933754882041
GDF9	0	0	1.29857130199838
COPRS	0	0	1.02131762011787
CEACAM6	0	0	1.31147137262532
CETN2	0	0	1.67033079775193
ATPIF1	0	0	1.01318926826225
HIST1H2AE	0	0	1.5263556236047
UFC1	0	0	1.05683607656954
USP15	0	0	1.13532784302802
TNRC6C-AS1	0	0	1.09655233788696
RAB11FIP3	0	0	1.11629246998169
B3GNT7	0	0	1.12624785709076
IFT43	0	0	1.22430732645544
LOC100133091	0	0	1.15181831197881
HPGD	0	0	2.15302701985324
MBLAC2	0	0	1.33155694338617
EVA1B	0	0	1.05837303488512
NCF1C	0	0	1.1422412343678
CTSC	0	0	1.30437496765607
CDK4	0	0	1.48372932828094
CDC42EP1	0	0	1.19710363232784
AREG	0	0	1.27056737302256
