61
71
75
76
76
76
77
78
79
81
81
81
82
83
83
83
84
84
85
86
87
87
87
87
89
90
90
91
91
91
93
93
93
93
94
95
96
96
96
97
97
97
98
99
99
100
101
102
104
105
105
105
105
107
107
108
108
108
109
109
109
110
110
111
111
111
111
111
111
112
112
114
114
115
115
115
115
116
116
119
119
120
120
121
121
121
122
123
123
124
125
125
127
128
128
128
129
130
130
131
131
131
131
131
132
133
134
134
135
136
136
137
137
140
140
141
142
143
143
143
144
144
144
145
147
147
147
147
147
147
148
148
148
148
149
149
149
150
150
150
150
150
151
151
151
151
151
152
152
152
153
153
154
154
154
155
156
156
157
157
157
158
158
158
158
158
158
158
160
160
160
161
161
161
161
161
162
162
162
162
163
163
163
164
164
165
165
166
166
166
167
168
168
169
169
170
170
170
170
171
171
171
171
172
172
172
173
173
175
175
175
175
176
176
177
177
178
178
179
179
180
181
181
181
182
182
183
184
184
184
186
186
190
190
191
192
192
192
193
193
194
195
195
195
195
197
197
198
198
198
199
199
200
200
201
201
201
201
204
204
205
206
206
206
206
206
206
207
207
208
208
208
209
212
212
213
213
213
213
214
214
215
215
218
218
219
219
219
220
221
221
221
221
222
222
222
223
224
224
224
224
225
225
225
225
225
225
226
226
227
227
228
228
228
228
229
230
230
230
231
231
232
233
233
233
233
234
234
235
235
235
236
236
237
238
239
240
240
241
241
241
242
242
242
243
244
244
245
245
245
246
246
246
248
248
248
250
250
250
251
252
253
253
253
254
254
255
257
257
257
257
257
259
259
259
260
260
261
261
262
262
263
265
265
266
268
269
270
270
271
272
274
274
274
275
275
275
276
276
277
277
277
278
278
279
280
280
280
282
282
282
283
283
283
283
284
284
284
285
285
285
286
286
287
287
288
288
289
289
290
292
292
292
293
293
294
294
294
295
297
298
300
300
301
301
301
302
302
303
304
304
305
305
305
305
306
307
307
307
307
307
308
309
309
309
310
310
310
310
311
311
311
311
311
313
313
313
314
314
314
315
315
316
316
316
317
317
317
317
317
318
318
318
318
319
319
319
319
320
320
320
321
321
321
321
321
321
322
322
322
322
322
322
322
323
323
324
324
324
324
324
324
324
324
324
325
325
325
325
326
326
326
326
326
326
326
327
327
327
327
327
327
327
327
327
327
327
327
328
328
328
328
328
328
328
328
328
328
328
328
328
328
328
328
329
329
329
330
330
330
330
330
330
330
330
330
330
331
331
331
331
331
331
331
331
331
331
331
331
331
331
331
331
331
331
331
331
331
331
331
331
331
331
331
331
331
331
331
331
331
331
331
331
331
331
331
331
331
331
331
331
331
331
331
331
332
332
332
332
333
333
333
333
333
333
333
333
333
333
333
333
334
334
334
334
334
334
334
334
334
334
334
334
334
334
334
334
334
334
334
334
334
334
334
334
334
334
334
334
334
334
334
334
334
334
334
334
334
334
334
334
334
334
334
334
334
334
334
334
334
334
334
334
334
334
334
334
334
334
334
334
334
334
334
334
334
334
334
334
334
334
334
334
334
334
334
334
334
334
334
334
334
334
334
334
334
334
334
334
334
334
334
334
334
334
334
334
334
334
334
334
334
334
334
334
334
334
334
334
334
334
335
335
335
335
335
335
335
336
336
336
336
336
336
336
336
336
336
336
337
337
337
337
337
337
337
337
337
337
337
337
337
337
337
337
337
337
337
337
337
337
337
337
337
337
337
337
337
337
337
337
337
337
337
337
337
337
337
337
337
337
337
337
337
337
337
337
337
337
337
337
337
337
337
337
337
337
337
337
337
337
337
337
337
337
337
337
337
337
337
337
337
337
337
337
337
337
337
337
337
337
337
337
337
337
337
337
337
337
337
337
337
337
337
337
337
337
337
337
337
337
337
337
337
337
337
337
337
337
337
337
337
337
337
337
337
337
337
337
337
337
337
337
337
337
337
337
337
337
337
337
337
337
337
337
337
337
337
337
337
337
337
337
337
337
337
337
337
337
337
337
337
337
337
337
337
337
337
337
337
337
337
337
337
337
337
337
337
337
337
337
337
337
337
337
337
337
337
337
337
337
337
337
337
337
337
337
337
337
337
337
337
337
337
337
337
337
337
337
337
337
337
337
337
337
337
337
337
337
337
337
337
337
337
337
337
337
337
337
337
337
337
337
337
337
337
337
337
337
337
337
337
337
337
337
337
337
337
337
337
337
337
337
337
337
337
337
337
337
337
337
337
337
337
337
337
337
337
337
337
337
337
337
337
337
337
337
337
337
337
337
337
337
337
337
337
337
337
337
337
337
337
337
337
337
337
337
337
337
337
337
337
337
337
337
337
337
337
337
337
337
337
337
337
337
337
337
337
337
337
337
337
337
337
337
337
337
337
337
337
337
337
337
337
337
337
337
338
338
338
338
338
338
338
338
338
338
338
338
338
339
339
339
339
339
339
339
339
339
339
339
339
339
339
339
339
339
339
339
339
339
339
340
340
340
340
340
340
340
340
340
340
340
340
340
340
340
340
340
340
340
340
340
340
340
340
340
340
340
340
340
340
340
340
340
340
340
340
340
340
340
340
340
340
340
340
340
340
340
340
340
340
340
340
340
340
340
340
340
340
340
340
340
340
340
340
340
340
340
340
340
340
340
340
340
340
340
340
340
340
340
340
340
340
340
340
340
340
340
340
340
340
340
340
340
340
340
340
340
340
340
340
340
340
340
340
340
340
340
340
340
340
340
340
340
340
340
340
340
340
340
340
340
340
340
340
340
340
340
340
340
340
340
340
340
340
340
340
340
340
340
340
340
340
340
340
340
340
340
340
340
340
340
340
340
340
340
340
340
340
340
340
340
340
340
340
340
340
340
340
340
340
340
340
340
340
340
340
340
340
340
340
340
340
340
340
340
340
340
340
340
340
340
340
340
340
340
340
340
340
340
340
340
340
340
340
340
340
340
340
340
340
340
340
340
340
340
340
340
340
340
340
340
340
340
340
340
340
340
340
340
340
340
340
340
340
340
340
340
340
340
340
340
340
340
340
340
340
340
340
340
340
340
340
340
340
340
340
340
340
340
340
340
340
340
340
340
340
340
340
340
340
340
340
340
340
340
340
340
340
340
340
340
340
340
340
340
340
340
340
340
340
340
340
340
340
340
340
340
340
340
340
340
340
340
340
340
340
340
340
340
340
340
340
340
340
340
340
340
340
340
340
340
340
340
340
340
340
340
340
340
340
340
340
340
340
340
340
340
340
340
340
340
340
340
340
340
340
340
340
340
340
340
340
340
340
340
340
340
340
340
340
340
340
340
340
340
340
340
340
340
340
340
340
340
340
340
340
340
340
340
340
340
340
340
340
340
340
340
340
340
340
340
340
340
340
340
340
340
340
340
340
340
340
340
340
340
340
340
340
340
340
340
340
340
340
340
340
340
340
340
340
340
340
340
340
340
340
340
340
340
340
340
340
340
340
340
340
340
340
340
340
340
340
340
340
340
340
340
340
340
340
340
340
340
340
340
340
340
340
340
340
340
340
340
340
340
340
340
340
340
340
340
340
340
340
340
340
340
340
340
340
340
340
340
340
340
340
340
340
340
340
340
340
340
340
340
340
340
340
340
340
340
340
340
340
340
340
341
341
341
341
341
341
341
341
341
341
341
341
341
341
341
342
342
342
342
342
342
342
342
342
342
342
342
342
342
342
342
342
342
343
343
343
343
343
343
343
343
343
343
343
343
343
343
343
343
343
343
343
343
343
343
343
343
343
343
343
343
343
343
343
343
343
343
343
343
343
343
343
343
343
343
343
343
343
343
343
343
343
343
343
343
343
343
343
343
343
343
343
343
343
343
343
343
343
343
343
343
343
343
343
343
343
343
343
343
343
343
343
343
343
343
343
343
343
343
343
343
343
343
343
343
343
343
343
343
343
343
343
343
343
343
343
343
343
343
343
343
343
343
343
343
343
343
343
343
343
343
343
343
343
343
343
343
343
343
343
343
343
343
343
343
343
343
343
343
343
343
343
343
343
343
343
343
343
343
343
343
343
343
343
343
343
343
343
343
343
343
343
343
343
343
343
343
343
343
343
343
343
343
343
343
343
343
343
343
343
343
343
343
343
343
343
343
343
343
343
343
343
343
343
343
343
343
343
343
343
343
343
343
343
343
343
343
343
343
343
343
343
343
343
343
343
343
343
343
343
343
343
343
343
343
343
343
343
343
343
343
343
343
343
343
343
343
343
343
343
343
343
343
343
343
343
343
343
343
343
343
343
343
343
343
343
343
343
343
343
343
343
343
343
343
343
343
343
343
343
343
343
343
343
343
343
343
343
343
343
343
343
343
343
343
343
343
343
343
343
343
343
343
343
343
343
343
343
343
343
343
343
343
343
343
343
343
343
343
343
343
343
343
343
343
343
343
343
343
343
343
343
343
343
343
343
343
343
343
343
343
343
343
343
343
343
343
343
343
343
343
343
343
343
343
343
343
343
343
343
343
343
343
343
343
343
343
343
343
343
343
343
343
343
343
343
343
343
343
343
343
343
343
343
343
343
343
343
343
343
343
343
343
343
343
343
343
343
343
343
343
343
343
343
343
343
343
343
343
343
343
343
343
343
343
343
343
343
343
343
343
343
343
343
343
343
343
343
343
343
343
343
343
343
343
343
343
343
343
343
343
343
343
343
343
343
343
343
343
343
343
343
343
343
343
343
343
343
343
343
343
343
343
343
343
343
343
343
343
343
343
343
343
343
343
343
343
343
343
343
343
343
343
343
343
343
343
343
343
343
343
343
343
343
343
343
343
343
343
343
343
343
343
343
343
343
343
343
343
343
343
343
343
343
343
343
343
343
343
343
343
343
343
343
343
343
343
343
343
343
343
343
343
343
343
343
344
344
344
344
344
344
344
344
344
344
344
344
344
345
345
345
345
345
345
345
345
345
346
346
346
346
346
346
346
346
346
346
346
346
346
346
346
346
346
346
346
346
346
346
346
346
346
346
346
346
346
346
346
346
346
346
346
346
346
346
346
346
346
346
346
346
346
346
346
346
346
346
346
346
346
346
346
346
346
346
346
346
346
346
346
346
346
346
346
346
346
346
346
346
346
346
346
346
346
346
346
346
346
346
346
346
346
346
346
346
346
346
346
346
346
346
346
346
346
346
346
346
346
346
346
346
346
346
346
346
346
346
346
346
346
346
346
346
346
346
346
346
346
346
346
346
346
346
346
346
346
346
346
346
346
346
346
346
346
346
346
346
346
346
346
346
346
346
346
346
346
346
346
346
346
346
346
346
346
346
346
346
346
346
346
346
346
346
346
346
346
346
346
346
346
346
346
346
346
346
346
346
346
346
346
346
346
346
346
346
346
346
346
346
346
346
346
346
346
346
346
346
346
346
346
346
346
346
346
346
346
346
346
346
346
346
346
346
346
346
346
346
346
346
346
346
346
346
346
346
346
346
346
346
346
346
346
346
346
346
346
346
346
346
346
346
346
346
346
346
346
346
346
346
346
346
346
346
346
346
346
346
346
346
346
346
346
346
346
346
346
346
346
346
346
346
346
346
346
346
346
346
346
346
346
346
346
346
346
346
346
346
346
346
346
346
346
346
346
346
346
346
346
346
346
346
346
346
346
346
346
346
346
346
346
346
346
346
346
346
346
346
346
346
346
346
346
346
346
346
346
346
346
346
346
346
346
346
346
346
346
346
346
346
346
346
346
346
346
346
346
346
346
346
346
346
346
346
346
346
346
346
346
346
346
346
346
346
346
346
346
346
346
346
346
346
346
346
346
346
346
346
346
346
346
346
346
346
346
346
346
346
346
346
346
346
346
346
346
346
346
346
346
346
346
346
346
346
346
346
346
346
346
346
346
346
346
346
346
346
346
346
347
347
347
347
347
347
347
347
347
347
347
347
347
348
348
348
348
348
348
348
348
348
349
349
349
349
349
349
349
349
349
349
349
349
349
349
349
349
349
349
349
349
349
349
349
349
349
349
349
349
349
349
349
349
349
349
349
349
349
349
349
349
349
349
349
349
349
349
349
349
349
349
349
349
349
349
349
349
349
349
349
349
349
349
349
349
349
349
349
349
349
349
349
349
349
349
349
349
349
349
349
349
349
349
349
349
349
349
349
349
349
349
349
349
349
349
349
349
349
349
349
349
349
349
349
349
349
349
349
349
349
349
349
349
349
349
349
349
349
349
349
349
349
349
349
349
349
349
349
349
349
349
349
349
349
349
349
349
349
349
349
349
349
349
349
349
349
349
349
349
349
349
349
349
349
349
349
349
349
349
349
349
349
349
349
349
349
349
349
349
349
349
349
349
349
349
349
349
349
349
349
349
349
349
349
349
349
349
349
349
349
349
349
349
349
349
349
349
349
349
349
349
349
349
349
349
349
349
349
349
349
349
349
349
349
349
349
349
349
349
349
349
349
349
349
349
349
349
349
349
349
349
349
349
349
349
349
349
349
349
349
349
349
349
349
349
349
349
349
349
349
349
349
349
349
349
349
349
349
349
349
349
349
349
349
349
349
349
349
349
349
349
349
349
349
349
349
349
349
349
349
349
349
349
349
350
350
350
350
351
351
351
351
351
351
351
351
351
351
351
351
352
352
352
352
352
352
352
352
352
352
352
352
352
352
352
352
352
352
352
352
352
352
352
352
352
352
352
352
352
352
352
352
352
352
352
352
352
352
352
352
352
352
352
352
352
352
352
352
352
352
352
352
352
352
352
352
352
352
352
352
352
352
352
352
352
352
352
352
352
352
352
352
352
352
352
352
352
352
352
352
352
352
352
352
352
352
352
352
352
352
352
352
352
352
352
352
352
352
352
352
352
352
352
352
352
352
352
352
352
352
352
352
352
352
352
352
352
352
353
353
353
353
353
353
353
354
354
354
354
354
354
355
355
355
355
355
355
355
355
355
355
355
355
355
355
355
355
355
355
355
355
355
355
355
355
355
355
355
355
355
355
355
355
355
355
355
355
355
355
355
355
355
355
355
355
355
355
355
355
355
355
355
355
355
355
355
355
355
355
355
355
355
355
355
355
355
355
355
355
355
355
356
357
357
358
358
358
358
358
358
358
358
358
358
358
358
358
358
358
358
358
358
358
358
358
358
358
359
360
360
361
361
361
361
361
361
361
361
361
361
361
362
363
364
364
367
